64 IP 1 3.591e-01
64 IP 2 1.513e-02
64 IP 3 1.148e-02
64 IP 4 8.959e-03
64 IP 5 1.542e-01
64 IP 6 4.549e-06
64 IP 7 7.520e-08
64 IP 8 1.817e-02
64 IP 9 2.185e-08
64 IP 10 3.661e-09
64 IP 11 3.887e-09
64 IP 12 2.564e-01
64 IP 13 5.523e-09
64 IP 14 6.134e-09
64 IP 15 9.685e-03
64 IP 16 5.595e-09
64 IP 17 1.656e-08
64 IP 18 6.582e-03
64 IP 19 1.646e-03
64 IP 20 7.529e-03
64 IP 21 1.143e-01
64 IP 22 9.369e-03
64 IP 23 2.405e-05
64 IP 24 1.138e-02
64 IP 25 5.484e-07
64 IP 26 3.467e-09
64 IP 27 3.527e-08
64 IP 28 3.595e-09
64 IP 29 9.365e-03
64 IP 30 4.096e-09
64 IP 31 7.202e-06
64 IP 32 6.791e-03
64 IP 33 4.715e-09
64 EP 1 4.206e-03 1.411e-01 3.366e-01 2.061e-01 1.113e-01 6.850e-02 5.073e-02 4.170e-02 2.425e-02 1.371e-02 1.844e-03 2.716e-10 4.919e-11 2.953e-11 1.199e-11 7.143e-12
64 EP 2 2.638e-04 1.622e-02 5.507e-02 5.558e-02 5.512e-02 5.453e-02 4.846e-02 4.850e-02 5.582e-02 6.286e-02 7.498e-02 7.874e-02 9.641e-02 1.405e-01 1.408e-01 1.619e-02
64 EP 3 4.270e-04 1.973e-02 6.354e-02 8.414e-02 1.096e-01 1.331e-01 1.098e-01 1.201e-01 1.080e-01 6.936e-02 5.914e-02 5.649e-02 4.444e-02 1.879e-02 3.417e-03 4.513e-11
64 EP 4 4.960e-04 1.444e-01 6.805e-01 6.426e-02 2.892e-03 2.826e-02 4.400e-02 2.327e-02 1.194e-02 1.069e-08 3.466e-09 2.849e-09 3.114e-09 1.380e-09 1.061e-09 9.017e-10
64 EP 5 2.745e-03 9.063e-02 1.933e-01 1.524e-01 1.296e-01 1.030e-01 8.002e-02 6.752e-02 5.746e-02 4.611e-02 3.908e-02 2.788e-02 1.026e-02 1.550e-05 1.529e-11 6.812e-12
64 EP 6 1.102e-09 1.665e-03 1.673e-01 4.447e-01 1.872e-01 5.015e-02 2.064e-02 3.981e-02 5.922e-02 2.927e-02 4.732e-09 3.486e-07 1.656e-09 7.938e-10 5.074e-10 4.372e-10
64 EP 7 9.047e-07 3.129e-02 1.018e-01 1.041e-01 1.008e-01 1.111e-01 7.643e-02 6.685e-02 5.902e-02 6.942e-02 7.716e-02 8.404e-02 7.657e-02 3.806e-02 3.332e-03 4.601e-11
64 EP 8 7.942e-02 1.064e-01 1.337e-01 1.228e-01 1.085e-01 9.305e-02 7.597e-02 7.137e-02 6.476e-02 5.236e-02 4.332e-02 3.347e-02 1.493e-02 1.009e-05 5.930e-11 2.342e-11
64 EP 9 4.356e-09 3.842e-09 4.917e-09 5.071e-09 4.939e-06 2.143e-02 6.118e-02 8.244e-02 5.565e-02 5.557e-02 6.660e-02 9.326e-02 2.047e-01 2.713e-01 8.785e-02 6.125e-05
64 EP 10 5.813e-09 7.680e-09 8.707e-09 4.638e-05 9.804e-09 1.106e-08 5.880e-02 4.332e-05 2.004e-08 6.099e-02 2.785e-01 5.094e-01 9.223e-02 5.371e-09 2.828e-09 2.269e-09
64 EP 11 2.170e-09 1.229e-02 6.744e-04 4.263e-06 3.818e-01 4.507e-01 1.546e-01 2.123e-05 8.280e-09 9.736e-09 1.280e-08 2.370e-08 3.891e-09 2.711e-09 1.259e-09 1.114e-09
64 EP 12 6.543e-02 3.913e-01 3.049e-01 1.137e-01 5.626e-02 3.216e-02 1.598e-02 1.049e-02 6.459e-03 2.871e-03 2.914e-04 1.460e-04 4.468e-10 7.137e-10 5.147e-11 4.827e-11
64 EP 13 1.247e-03 4.279e-02 2.213e-01 2.412e-01 1.731e-01 1.104e-01 8.296e-02 6.788e-02 5.515e-02 2.356e-08 4.999e-09 4.009e-03 3.146e-09 2.228e-09 1.168e-09 9.678e-10
64 EP 14 2.954e-09 2.817e-05 1.984e-03 7.014e-09 1.256e-08 6.118e-02 1.086e-01 1.460e-01 1.724e-01 3.067e-01 2.029e-01 2.228e-04 3.845e-09 2.307e-09 1.295e-09 1.088e-09
64 EP 15 1.772e-04 1.066e-02 3.871e-02 5.849e-02 7.977e-02 1.030e-01 1.124e-01 1.449e-01 1.738e-01 1.256e-01 5.965e-02 4.067e-02 4.135e-02 1.095e-02 1.367e-09 1.759e-10
64 EP 16 1.320e-04 8.822e-09 3.240e-08 1.816e-02 1.858e-02 1.150e-07 2.379e-08 3.068e-02 7.098e-02 1.950e-02 1.505e-08 1.017e-04 7.446e-01 9.725e-02 5.503e-05 3.477e-09
64 EP 17 2.091e-10 8.037e-04 6.562e-08 2.441e-08 2.859e-08 2.592e-06 6.004e-02 7.731e-02 8.559e-02 1.168e-01 1.350e-01 1.668e-01 1.983e-01 1.343e-01 2.511e-02 1.822e-10
64 EP 18 1.081e-08 7.259e-09 4.624e-08 1.922e-03 1.886e-02 4.267e-02 6.183e-02 4.378e-02 7.000e-02 1.082e-01 1.369e-01 1.515e-01 1.923e-01 1.624e-01 9.797e-03 2.337e-10
64 EP 19 2.481e-02 1.078e-01 1.222e-03 2.140e-01 1.771e-01 1.387e-01 1.232e-01 1.359e-01 6.684e-02 1.038e-02 1.064e-08 8.558e-09 8.452e-09 4.725e-09 3.534e-09 3.052e-09
64 EP 20 7.006e-02 9.708e-02 9.398e-02 8.248e-02 7.814e-02 7.576e-02 6.020e-02 4.893e-02 4.141e-02 4.385e-02 4.544e-02 5.262e-02 6.918e-02 8.994e-02 5.083e-02 1.239e-04
64 EP 21 3.071e-01 1.745e-01 1.675e-01 1.017e-01 7.704e-02 5.475e-02 4.060e-02 2.946e-02 1.716e-02 1.324e-02 7.700e-03 7.080e-03 1.459e-03 6.520e-04 7.716e-11 6.948e-11
64 EP 22 1.052e-03 5.447e-02 1.650e-01 1.587e-01 1.331e-01 1.052e-01 7.910e-02 6.611e-02 5.708e-02 5.088e-02 5.123e-02 4.726e-02 3.049e-02 3.044e-04 1.167e-10 7.732e-11
64 EP 23 1.335e-08 2.621e-03 8.223e-02 1.006e-01 8.325e-02 3.567e-02 2.741e-02 9.394e-02 1.423e-01 1.255e-01 1.041e-01 1.580e-01 4.443e-02 9.136e-09 1.139e-05 3.978e-09
64 EP 24 9.747e-03 2.771e-02 3.828e-02 4.479e-02 5.524e-02 6.322e-02 7.044e-02 7.619e-02 8.022e-02 8.245e-02 8.450e-02 1.004e-01 1.278e-01 1.146e-01 2.437e-02 1.742e-05
64 EP 25 3.219e-04 1.988e-02 8.853e-02 1.309e-01 1.491e-01 1.273e-01 1.039e-01 8.902e-02 8.653e-02 8.323e-02 6.908e-02 4.025e-02 1.142e-02 6.634e-04 2.333e-11 5.787e-12
64 EP 26 5.684e-03 2.330e-02 8.069e-02 1.220e-01 1.777e-01 1.906e-01 2.682e-01 6.943e-02 4.178e-02 6.323e-03 4.025e-03 5.504e-03 4.411e-03 3.576e-04 1.178e-10 1.178e-10
64 EP 27 1.222e-04 2.104e-02 9.869e-02 1.211e-01 1.313e-01 1.192e-01 6.547e-02 3.731e-02 3.792e-02 5.258e-02 9.438e-02 1.012e-01 7.558e-02 4.404e-02 1.317e-08 1.734e-10
64 EP 28 4.217e-09 1.885e-08 1.146e-07 1.003e-08 8.849e-08 2.334e-08 1.149e-08 1.019e-08 1.174e-08 3.108e-02 3.583e-01 5.240e-01 8.661e-02 3.159e-09 1.960e-09 1.555e-09
64 EP 29 9.544e-03 1.938e-02 2.922e-02 2.599e-02 3.236e-02 3.722e-02 3.923e-02 4.119e-02 4.579e-02 5.423e-02 6.664e-02 7.316e-02 1.061e-01 1.847e-01 2.309e-01 4.366e-03
64 EP 30 2.853e-05 5.810e-03 3.375e-02 9.502e-02 1.440e-01 3.126e-01 2.439e-01 1.307e-01 1.406e-08 1.510e-08 3.415e-02 6.579e-09 5.527e-09 3.170e-09 2.246e-09 2.116e-09
64 EP 31 8.474e-05 2.206e-08 4.014e-08 1.259e-05 4.575e-01 2.032e-01 9.212e-03 4.414e-08 7.026e-02 2.597e-01 4.499e-08 2.508e-08 2.661e-08 1.373e-08 1.247e-08 1.107e-08
64 EP 32 2.263e-01 3.322e-02 4.265e-02 3.813e-02 4.207e-02 4.584e-02 4.582e-02 4.950e-02 5.174e-02 5.726e-02 6.029e-02 6.905e-02 8.355e-02 9.394e-02 6.051e-02 1.113e-04
64 EP 33 1.573e-06 9.600e-09 2.165e-02 6.855e-03 6.155e-06 2.252e-07 1.507e-01 4.334e-01 2.268e-01 5.118e-02 2.671e-02 6.621e-02 1.644e-02 5.044e-09 1.014e-05 2.993e-09
64 TP 1 8.292e-01 9.337e-11 4.178e-08 1.016e-10 1.855e-07 2.831e-07 4.700e-03 2.142e-10 1.903e-10 2.762e-11 4.069e-04 4.717e-03 1.863e-10 9.441e-11 6.464e-04 2.685e-11 2.931e-10 4.077e-11 5.017e-10 8.576e-12 1.654e-04 5.783e-05 9.663e-11 4.286e-11 1.601e-01 1.783e-08 1.935e-09 5.285e-11 9.939e-12 8.934e-11 4.488e-11 7.226e-12 4.261e-11
64 TP 2 5.842e-10 9.475e-01 1.920e-02 9.125e-11 3.430e-03 1.067e-10 1.261e-05 1.403e-10 4.840e-09 8.827e-11 1.142e-10 7.549e-04 9.538e-11 9.706e-11 9.037e-04 9.987e-11 1.273e-06 2.029e-10 9.781e-11 6.937e-11 6.364e-11 6.720e-03 8.073e-11 1.314e-09 6.598e-10 4.987e-11 2.119e-02 9.852e-11 2.736e-04 8.430e-11 8.090e-11 4.488e-11 9.019e-11
64 TP 3 1.306e-08 1.744e-07 6.669e-03 8.435e-11 4.110e-06 1.058e-10 8.085e-09 4.384e-10 4.880e-10 1.007e-10 1.335e-10 4.939e-07 9.868e-11 1.120e-10 5.149e-10 9.988e-11 9.933e-01 2.481e-10 8.590e-11 3.501e-11 1.548e-10 5.679e-10 9.871e-11 4.778e-10 3.777e-08 2.034e-10 5.047e-10 1.161e-10 7.794e-11 1.123e-10 8.758e-11 2.431e-11 1.148e-10
64 TP 4 1.939e-03 2.834e-09 3.740e-09 4.857e-01 4.908e-09 2.730e-01 4.928e-09 1.600e-09 3.770e-09 2.608e-09 1.481e-08 9.508e-05 1.186e-01 2.490e-02 5.765e-09 2.840e-09 2.923e-09 1.346e-09 8.636e-02 9.783e-10 7.702e-09 2.137e-03 1.726e-03 1.436e-09 2.608e-08 3.170e-07 5.047e-03 3.293e-04 1.107e-09 1.625e-08 1.509e-04 9.122e-10 3.567e-09
64 TP 5 8.677e-05 7.535e-04 1.189e-02 1.976e-11 8.963e-01 2.358e-11 8.834e-02 1.787e-10 8.279e-11 1.807e-11 2.708e-11 2.604e-03 2.165e-11 2.396e-11 9.703e-11 1.962e-11 8.176e-10 4.630e-11 1.895e-11 7.191e-12 1.021e-10 1.042e-10 2.080e-11 4.223e-11 2.962e-06 1.501e-11 1.017e-10 2.222e-11 1.509e-11 2.259e-11 1.729e-11 5.247e-12 2.085e-11
64 TP 6 1.658e-08 1.209e-09 2.396e-09 1.629e-01 2.412e-09 5.802e-01 2.516e-09 9.210e-10 6.154e-04 1.887e-09 7.775e-02 8.770e-04 2.138e-03 7.903e-02 9.131e-09 1.790e-09 1.884e-09 9.250e-10 9.826e-03 4.646e-10 6.460e-04 6.806e-09 4.210e-09 8.885e-10 1.098e-08 1.249e-09 1.715e-08 5.153e-02 5.895e-10 8.343e-07 3.448e-02 4.401e-10 1.827e-09
64 TP 7 5.380e-08 1.789e-07 7.670e-01 1.135e-10 1.474e-08 1.405e-10 2.330e-01 6.358e-10 5.518e-10 1.142e-10 1.640e-10 6.942e-06 1.296e-10 1.393e-10 6.302e-10 1.221e-10 1.759e-08 2.929e-10 1.106e-10 4.482e-11 2.358e-10 6.581e-10 1.284e-10 3.779e-10 1.608e-07 1.239e-10 6.308e-10 1.354e-10 9.795e-11 1.432e-10 1.088e-10 3.244e-11 1.377e-10
64 TP 8 2.174e-10 1.237e-10 6.022e-10 3.171e-11 3.404e-10 3.516e-11 1.519e-09 9.014e-01 6.392e-11 7.480e-11 3.503e-11 2.888e-10 3.909e-11 1.506e-10 6.812e-11 4.720e-11 3.713e-10 1.330e-08 3.462e-11 1.695e-10 1.305e-02 4.775e-11 6.623e-06 8.520e-02 3.168e-10 1.787e-05 5.830e-11 6.245e-11 4.178e-10 5.565e-11 2.832e-10 2.570e-04 1.682e-05
64 TP 9 3.296e-09 9.627e-08 4.611e-09 3.909e-10 3.698e-09 3.236e-04 7.279e-09 3.288e-10 1.148e-01 1.132e-04 8.990e-10 1.358e-09 5.149e-10 2.089e-06 3.086e-01 4.219e-09 3.244e-09 2.941e-10 3.561e-10 1.067e-10 1.764e-10 2.379e-01 6.006e-10 3.388e-04 1.457e-02 8.895e-11 3.232e-01 1.992e-06 2.390e-10 1.409e-04 9.768e-09 7.492e-11 9.462e-10
64 TP 10 3.487e-05 4.941e-09 1.982e-08 1.349e-02 2.250e-08 8.068e-02 1.652e-08 4.181e-06 1.640e-08 2.474e-01 7.470e-02 1.503e-08 1.541e-01 1.194e-01 4.212e-08 7.099e-02 2.152e-08 5.252e-09 1.443e-02 2.399e-09 4.959e-09 7.566e-08 5.882e-02 5.118e-09 4.731e-08 2.406e-09 1.627e-08 2.835e-08 2.726e-09 1.337e-08 1.985e-08 2.223e-09 1.659e-01
64 TP 11 2.465e-08 2.529e-09 5.546e-09 2.164e-07 5.999e-09 3.166e-01 7.476e-09 2.470e-09 3.739e-07 1.589e-03 3.939e-01 4.748e-03 1.441e-07 8.931e-02 5.480e-09 9.679e-03 8.051e-09 2.851e-09 4.600e-08 1.114e-09 2.871e-09 1.833e-03 6.766e-09 2.461e-09 2.918e-08 2.275e-04 1.494e-04 1.706e-01 1.215e-09 1.128e-02 1.513e-05 1.068e-09 4.657e-09
64 TP 12 4.620e-02 9.670e-10 4.500e-04 2.191e-10 1.397e-02 1.376e-09 1.319e-02 3.585e-09 2.795e-10 9.123e-11 1.827e-05 8.818e-01 4.575e-04 7.968e-07 2.745e-09 8.957e-11 5.945e-10 3.547e-10 2.596e-10 6.309e-11 5.193e-04 2.005e-03 2.088e-10 2.915e-04 4.065e-02 3.669e-04 1.147e-08 1.175e-10 7.747e-11 2.194e-09 6.179e-05 4.926e-11 1.559e-10
64 TP 13 5.416e-08 2.298e-09 4.909e-09 1.488e-03 5.197e-09 6.110e-02 5.273e-09 1.996e-09 3.976e-05 5.036e-09 4.008e-02 5.421e-09 4.750e-01 2.202e-01 1.948e-08 4.909e-09 4.358e-09 1.987e-09 3.853e-02 1.020e-09 9.570e-09 4.987e-02 1.758e-04 1.871e-09 3.134e-08 1.278e-09 4.061e-04 5.773e-02 1.167e-09 5.382e-02 1.569e-03 9.599e-10 5.105e-09
64 TP 14 2.194e-08 2.501e-09 6.115e-09 5.221e-02 6.722e-09 1.546e-01 6.283e-09 2.711e-04 5.749e-09 4.822e-02 1.465e-01 1.310e-03 1.956e-01 1.835e-01 7.363e-09 5.727e-03 6.352e-09 2.222e-09 2.936e-02 1.154e-09 1.656e-04 1.793e-07 5.739e-02 2.208e-09 1.849e-08 1.530e-09 6.836e-09 5.885e-02 1.544e-09 5.464e-02 5.410e-09 1.075e-09 1.167e-02
64 TP 15 9.057e-09 4.414e-02 4.443e-09 2.917e-04 5.815e-09 5.050e-09 4.089e-09 2.807e-10 8.414e-01 7.488e-10 1.746e-03 5.799e-07 1.977e-09 4.940e-10 1.097e-01 2.559e-03 5.477e-09 3.424e-10 3.487e-09 9.228e-11 1.417e-04 6.977e-07 4.780e-10 1.734e-09 2.183e-07 8.927e-11 5.851e-05 9.516e-10 2.282e-10 1.948e-09 2.571e-10 7.424e-11 1.755e-05
64 TP 16 2.681e-08 7.286e-09 2.541e-08 2.435e-03 2.098e-08 2.229e-02 2.336e-08 1.117e-08 2.695e-08 1.513e-04 1.040e-02 1.059e-08 4.356e-02 1.235e-02 1.266e-02 3.647e-02 1.741e-08 1.016e-08 1.142e-08 3.604e-09 7.155e-05 1.154e-01 1.626e-01 1.565e-08 1.044e-07 3.600e-09 2.911e-02 5.580e-03 4.524e-09 2.509e-01 1.932e-05 3.311e-09 2.960e-01
64 TP 17 4.249e-03 7.613e-03 2.009e-01 5.514e-11 3.331e-01 7.307e-11 1.001e-01 1.889e-10 2.449e-10 7.655e-11 8.031e-11 8.495e-04 6.679e-11 6.871e-11 3.275e-10 6.018e-11 2.943e-01 1.763e-10 5.533e-11 2.534e-11 4.373e-11 3.402e-10 6.409e-11 1.252e-04 5.865e-02 1.992e-05 2.869e-10 6.814e-11 7.496e-11 7.356e-11 5.719e-11 1.705e-11 7.877e-11
64 TP 18 1.472e-09 7.757e-10 6.656e-09 2.911e-10 5.583e-09 3.135e-10 5.593e-09 8.995e-01 6.644e-10 3.888e-10 3.531e-10 9.260e-10 3.793e-10 3.588e-10 6.232e-10 4.844e-10 1.874e-03 8.088e-05 3.053e-10 1.228e-09 3.520e-09 7.519e-10 4.258e-10 2.259e-07 4.386e-09 2.618e-10 6.126e-10 4.455e-10 9.852e-02 4.589e-10 3.300e-10 4.610e-09 5.172e-10
64 TP 19 2.714e-02 7.662e-09 1.577e-08 2.926e-01 1.369e-08 1.371e-01 1.768e-08 5.419e-09 1.494e-08 1.165e-08 1.423e-02 1.845e-03 4.511e-06 3.838e-02 1.441e-08 1.191e-08 1.349e-08 5.774e-09 4.079e-01 3.298e-09 1.275e-08 2.773e-08 2.005e-02 5.625e-09 8.384e-08 4.247e-09 3.696e-02 7.456e-03 3.944e-09 2.776e-08 1.643e-02 3.113e-09 1.169e-08
64 TP 20 5.656e-11 5.596e-11 4.432e-11 4.087e-11 4.629e-11 4.366e-11 4.502e-11 5.771e-10 4.972e-11 3.781e-11 3.701e-11 4.467e-11 3.985e-11 3.642e-11 4.753e-11 5.358e-11 4.451e-11 6.029e-10 4.029e-11 9.952e-01 8.686e-04 5.223e-11 3.702e-11 7.146e-10 4.537e-11 3.406e-11 4.900e-11 4.097e-11 3.950e-03 3.686e-11 3.578e-11 5.994e-11 4.055e-11
64 TP 21 1.726e-06 1.953e-10 6.191e-10 5.462e-08 1.142e-09 1.485e-06 1.053e-09 5.305e-02 3.436e-10 1.282e-10 1.127e-10 1.215e-03 3.260e-08 5.600e-07 1.011e-04 1.077e-10 4.418e-10 1.064e-09 1.331e-10 2.280e-03 9.345e-01 1.555e-10 2.952e-05 1.684e-03 3.825e-03 1.231e-10 2.274e-10 1.335e-10 6.635e-10 1.309e-10 1.604e-05 3.344e-03 1.412e-10
64 TP 22 8.963e-04 4.273e-06 1.851e-09 6.232e-04 1.559e-09 5.034e-10 1.982e-09 7.729e-11 2.599e-09 2.426e-10 7.006e-10 7.814e-04 7.604e-10 1.814e-04 2.647e-04 1.086e-04 1.405e-09 9.650e-11 3.252e-10 3.446e-11 8.862e-11 8.263e-01 5.973e-04 1.866e-10 8.066e-07 3.231e-11 1.692e-01 8.702e-04 8.069e-11 7.561e-06 1.429e-10 3.061e-11 1.811e-04
64 TP 23 2.730e-08 9.392e-09 2.700e-08 1.332e-08 2.344e-08 3.403e-08 2.219e-08 1.016e-08 2.324e-05 2.120e-08 2.486e-08 1.416e-08 2.605e-05 2.244e-08 6.311e-08 3.849e-08 2.388e-08 8.964e-09 1.564e-08 4.483e-09 9.832e-09 3.077e-08 1.174e-05 1.003e-08 6.676e-08 4.846e-09 2.567e-08 1.593e-08 5.853e-09 5.072e-01 4.256e-08 4.106e-09 4.927e-01
64 TP 24 2.677e-10 1.324e-10 8.068e-10 4.515e-11 6.171e-10 4.821e-11 5.887e-10 1.797e-03 1.023e-10 6.319e-11 5.294e-11 2.146e-10 5.665e-11 5.715e-11 9.948e-11 7.459e-11 1.162e-09 1.559e-01 4.791e-11 2.131e-10 4.762e-10 1.053e-10 6.752e-11 8.423e-01 5.120e-10 5.090e-11 9.706e-11 7.500e-11 5.096e-09 7.262e-11 5.136e-11 6.028e-10 8.071e-11
64 TP 25 1.207e-01 4.211e-10 1.558e-02 8.941e-11 5.059e-05 8.866e-11 1.360e-04 1.403e-10 1.847e-08 4.329e-11 1.301e-10 5.649e-03 6.813e-11 6.670e-11 1.555e-06 6.347e-11 1.737e-03 5.150e-11 8.555e-11 6.544e-12 1.214e-04 4.463e-04 6.380e-11 1.673e-05 8.556e-01 2.081e-09 3.109e-07 6.283e-11 9.133e-12 6.382e-11 3.791e-11 5.462e-12 1.103e-10
64 TP 26 5.737e-04 1.296e-10 3.439e-09 1.531e-10 3.226e-10 2.565e-06 9.702e-05 2.714e-10 1.453e-10 1.539e-10 1.755e-10 3.827e-04 1.629e-10 1.477e-10 1.556e-10 1.346e-06 5.806e-10 1.940e-10 1.713e-10 1.197e-10 6.999e-10 1.379e-10 1.727e-10 1.493e-10 1.174e-08 9.989e-01 1.501e-10 1.450e-10 1.222e-10 1.405e-10 1.328e-10 1.185e-10 2.093e-10
64 TP 27 8.982e-06 9.654e-07 5.331e-09 1.214e-06 4.746e-09 2.907e-08 4.514e-09 2.132e-10 2.434e-08 5.889e-10 1.035e-09 2.424e-06 3.076e-09 7.081e-10 5.658e-01 5.214e-10 3.926e-09 2.630e-10 6.955e-10 8.600e-11 1.939e-10 1.868e-01 6.675e-10 1.031e-09 5.123e-07 7.914e-11 2.466e-01 7.818e-10 1.872e-10 7.924e-04 5.009e-10 7.284e-11 4.740e-06
64 TP 28 2.716e-02 4.011e-09 1.367e-08 1.326e-02 1.591e-08 8.822e-02 1.205e-08 3.591e-09 4.995e-04 7.135e-09 7.544e-02 5.185e-09 2.171e-01 1.094e-02 1.119e-03 6.888e-09 8.767e-09 4.003e-09 6.189e-04 1.663e-09 3.381e-09 9.773e-02 1.326e-01 3.468e-09 4.425e-08 1.796e-09 9.436e-03 6.414e-08 1.887e-09 2.666e-01 8.701e-06 1.532e-09 5.924e-02
64 TP 29 3.122e-10 1.384e-10 4.180e-10 7.678e-11 5.374e-10 7.043e-11 4.115e-10 5.577e-03 1.240e-10 6.740e-11 6.502e-11 9.596e-11 7.605e-11 6.805e-11 1.077e-10 7.334e-11 6.155e-10 4.864e-09 7.594e-11 6.262e-03 6.519e-07 1.351e-10 6.658e-11 2.452e-02 1.371e-04 5.658e-11 1.126e-10 7.358e-11 9.617e-01 6.539e-11 6.429e-11 1.794e-03 9.855e-08
64 TP 30 2.921e-08 4.031e-09 1.028e-08 7.886e-09 1.185e-08 1.833e-08 1.164e-08 4.816e-09 2.162e-06 2.595e-01 3.112e-02 1.002e-08 1.658e-08 1.909e-01 9.338e-09 1.184e-01 1.320e-08 6.932e-09 8.149e-09 2.021e-09 8.941e-09 1.761e-06 1.006e-08 4.003e-09 7.569e-08 2.207e-09 2.197e-08 3.460e-01 2.238e-09 5.270e-02 7.294e-09 1.888e-09 1.300e-03
64 TP 31 1.971e-07 2.495e-08 3.037e-07 5.056e-08 4.173e-08 6.419e-08 6.317e-08 2.004e-08 1.959e-02 8.344e-08 3.373e-04 5.171e-08 4.916e-08 4.814e-01 2.469e-02 3.608e-08 6.390e-08 1.992e-08 2.083e-07 1.107e-08 1.574e-08 6.737e-08 4.783e-03 2.658e-08 2.241e-07 9.379e-08 2.109e-07 4.041e-01 1.292e-08 5.948e-08 6.506e-02 1.077e-08 5.190e-08
64 TP 32 3.346e-11 3.371e-11 3.373e-11 3.327e-11 3.357e-11 3.330e-11 3.383e-11 7.074e-04 3.371e-11 3.334e-11 3.324e-11 3.354e-11 3.339e-11 3.329e-11 3.378e-11 3.320e-11 3.368e-11 1.199e-09 3.320e-11 7.347e-11 1.354e-03 3.371e-11 3.337e-11 1.768e-10 3.377e-11 3.388e-11 3.377e-11 3.339e-11 1.140e-03 3.339e-11 3.306e-11 9.968e-01 3.344e-11
64 TP 33 1.794e-08 6.325e-09 1.750e-08 9.323e-09 1.710e-08 1.669e-08 1.684e-08 7.824e-05 4.246e-02 4.343e-01 8.140e-02 9.168e-09 9.793e-07 2.870e-02 1.628e-08 4.100e-01 2.312e-08 6.786e-09 1.067e-08 3.230e-09 9.901e-09 2.761e-08 1.155e-04 9.310e-09 4.500e-08 3.538e-09 1.850e-08 1.906e-08 4.051e-09 1.616e-05 8.961e-09 2.947e-09 2.976e-03
65 IP 1 1.028e-01
65 IP 2 4.432e-09
65 IP 3 1.838e-02
65 IP 4 1.798e-08
65 IP 5 6.520e-03
65 IP 6 8.215e-02
65 IP 7 6.904e-03
65 IP 8 6.309e-02
65 IP 9 2.206e-01
65 IP 10 1.830e-02
65 IP 11 9.092e-03
65 IP 12 8.423e-09
65 IP 13 2.414e-03
65 IP 14 6.172e-02
65 IP 15 5.507e-03
65 IP 16 9.217e-02
65 IP 17 1.834e-08
65 IP 18 5.330e-08
65 IP 19 1.366e-02
65 IP 20 1.046e-02
65 IP 21 4.731e-08
65 IP 22 1.697e-08
65 IP 23 9.233e-02
65 IP 24 8.348e-03
65 IP 25 2.994e-03
65 IP 26 1.826e-01
65 EP 1 2.872e-03 1.084e-01 3.348e-01 2.018e-01 8.325e-02 6.100e-02 6.926e-02 7.055e-02 4.841e-02 1.944e-02 1.397e-04 2.659e-10 7.925e-11 5.951e-11 1.965e-11 1.234e-11
65 EP 2 3.178e-04 7.251e-03 4.452e-02 2.491e-02 6.600e-03 1.990e-02 7.194e-03 2.275e-08 4.921e-02 1.065e-01 2.716e-08 1.620e-08 3.205e-01 3.897e-01 2.347e-02 1.765e-10
65 EP 3 3.885e-04 9.666e-03 4.216e-02 5.123e-02 5.419e-02 5.865e-02 5.403e-02 5.475e-02 5.962e-02 6.717e-02 7.661e-02 7.991e-02 8.879e-02 1.292e-01 1.460e-01 2.771e-02
65 EP 4 1.288e-09 5.054e-09 7.189e-07 4.401e-03 7.692e-09 7.565e-09 4.135e-03 1.036e-08 7.232e-09 2.716e-04 2.260e-01 5.288e-01 2.365e-01 2.593e-09 2.381e-10 9.741e-11
65 EP 5 8.893e-03 2.403e-02 3.746e-02 4.536e-02 6.022e-02 7.587e-02 7.539e-02 7.706e-02 8.155e-02 8.095e-02 8.154e-02 1.008e-01 1.240e-01 1.083e-01 1.856e-02 2.143e-11
65 EP 6 2.836e-08 4.491e-06 1.508e-01 2.408e-01 1.862e-01 1.288e-01 9.239e-02 6.571e-02 5.736e-02 4.115e-02 2.663e-02 1.014e-02 3.653e-07 3.738e-11 2.328e-11 9.633e-12
65 EP 7 2.270e-10 1.127e-02 5.764e-02 6.691e-02 8.804e-02 9.237e-02 1.349e-01 2.048e-01 1.881e-01 6.758e-02 2.994e-02 3.209e-02 2.106e-02 5.305e-03 4.751e-10 1.011e-10
65 EP 8 9.959e-02 1.299e-01 1.624e-01 1.306e-01 1.147e-01 8.575e-02 6.726e-02 5.385e-02 4.723e-02 4.019e-02 3.555e-02 2.368e-02 9.304e-03 1.398e-10 5.991e-11 1.895e-11
65 EP 9 6.405e-03 2.108e-01 3.429e-01 1.908e-01 1.025e-01 6.365e-02 3.857e-02 2.262e-02 1.103e-02 6.421e-03 2.972e-03 4.038e-04 9.045e-04 4.921e-11 3.914e-11 3.659e-11
65 EP 10 2.242e-01 4.929e-02 6.887e-02 5.739e-02 6.370e-02 6.693e-02 6.914e-02 6.587e-02 6.401e-02 5.846e-02 5.296e-02 5.080e-02 5.539e-02 4.474e-02 8.188e-03 4.985e-05
65 EP 11 1.643e-02 2.072e-02 2.875e-02 3.304e-02 3.870e-02 5.216e-02 6.281e-02 6.664e-02 6.619e-02 6.484e-02 7.021e-02 7.494e-02 9.202e-02 1.393e-01 1.707e-01 2.512e-03
65 EP 12 7.670e-10 4.165e-09 9.759e-08 2.970e-09 4.618e-09 4.165e-03 4.061e-02 8.051e-02 3.137e-04 2.439e-04 1.651e-01 4.218e-01 2.873e-01 2.757e-08 2.999e-10 8.902e-11
65 EP 13 1.768e-06 8.794e-08 5.795e-08 1.170e-07 8.100e-05 5.450e-09 3.437e-02 1.717e-01 2.891e-01 3.226e-01 1.707e-01 1.143e-02 1.615e-09 3.634e-07 1.503e-10 6.548e-11
65 EP 14 3.190e-01 1.675e-01 1.627e-01 1.039e-01 7.641e-02 5.391e-02 3.774e-02 3.034e-02 2.077e-02 1.368e-02 8.520e-03 4.181e-03 1.445e-03 4.523e-10 7.967e-11 7.723e-11
65 EP 15 1.455e-01 5.014e-02 3.866e-02 3.551e-02 4.384e-02 4.358e-02 3.926e-02 3.804e-02 4.006e-02 3.918e-02 4.719e-02 5.922e-02 7.727e-02 1.292e-01 1.695e-01 3.915e-03
65 EP 16 1.758e-03 8.309e-02 2.082e-01 1.659e-01 1.294e-01 9.566e-02 6.761e-02 5.457e-02 4.826e-02 4.229e-02 3.991e-02 4.092e-02 2.244e-02 5.928e-10 1.101e-10 1.565e-05
65 EP 17 3.531e-10 1.152e-09 1.335e-08 5.546e-03 2.986e-02 5.315e-02 6.853e-02 7.718e-02 5.702e-02 8.396e-02 1.059e-01 9.869e-02 1.845e-01 1.963e-01 3.940e-02 6.449e-11
65 EP 18 3.025e-09 1.607e-02 5.418e-02 5.065e-02 4.018e-02 2.522e-02 2.649e-02 2.743e-02 5.800e-02 8.716e-02 1.024e-01 9.738e-02 1.130e-01 1.772e-01 1.231e-01 1.572e-03
65 EP 19 6.573e-04 3.186e-02 6.255e-02 4.771e-02 7.330e-02 1.004e-01 9.950e-02 9.855e-02 9.493e-02 9.177e-02 9.426e-02 9.778e-02 7.594e-02 2.913e-02 1.714e-03 1.825e-11
65 EP 20 1.820e-10 1.266e-02 5.993e-02 8.495e-02 1.043e-01 1.192e-01 1.178e-01 1.219e-01 1.220e-01 8.493e-02 4.657e-02 5.442e-02 5.194e-02 1.937e-02 3.292e-10 5.305e-11
65 EP 21 1.901e-10 1.176e-09 2.090e-06 1.266e-01 2.165e-01 1.626e-01 9.061e-02 5.597e-02 8.849e-02 1.248e-01 1.001e-01 3.441e-02 4.021e-10 1.765e-10 3.013e-11 1.716e-11
65 EP 22 8.919e-04 3.305e-02 1.854e-01 2.390e-01 2.513e-01 1.532e-01 7.538e-02 4.285e-02 1.893e-02 2.967e-09 8.384e-10 6.476e-10 3.261e-10 1.912e-07 4.347e-11 1.933e-11
65 EP 23 1.942e-02 4.468e-01 4.782e-01 2.199e-05 1.628e-02 6.308e-03 1.318e-02 1.737e-02 2.353e-03 2.285e-05 6.581e-05 9.060e-10 5.715e-07 1.098e-10 6.142e-11 2.889e-11
65 EP 24 1.507e-04 1.905e-02 3.326e-02 1.064e-09 1.315e-04 1.723e-01 2.365e-01 1.738e-01 1.029e-01 1.058e-01 1.254e-01 3.065e-02 1.070e-09 1.013e-09 8.075e-11 3.364e-11
65 EP 25 2.917e-04 1.021e-02 1.040e-01 1.310e-01 1.304e-01 6.870e-02 5.042e-02 5.039e-02 8.309e-02 6.411e-02 1.043e-01 9.492e-02 8.028e-02 2.494e-02 2.920e-03 5.581e-10
65 EP 26 1.373e-01 3.695e-01 2.674e-01 1.122e-01 5.161e-02 3.139e-02 1.517e-02 9.623e-03 4.836e-03 6.849e-04 6.890e-10 1.420e-08 2.408e-04 2.436e-10 1.067e-10 9.812e-11
65 TP 1 7.393e-01 4.284e-04 2.968e-11 1.679e-09 4.550e-11 1.974e-10 5.008e-09 3.942e-11 3.608e-04 1.361e-11 2.752e-11 2.869e-10 4.077e-02 9.833e-06 1.227e-11 1.403e-10 1.142e-10 7.560e-11 1.358e-10 1.767e-10 9.992e-04 2.174e-01 1.621e-10 2.228e-09 1.753e-04 6.089e-04
65 TP 2 2.315e-02 6.473e-02 1.709e-05 3.116e-02 4.771e-10 9.005e-10 3.905e-01 2.789e-04 5.228e-10 1.892e-10 2.418e-10 7.070e-09 3.053e-02 3.297e-10 1.664e-10 1.403e-02 1.491e-07 4.271e-08 1.090e-09 1.561e-02 5.047e-02 8.002e-02 7.656e-10 8.210e-06 2.995e-01 5.773e-10
65 TP 3 1.222e-07 2.453e-10 9.736e-01 2.767e-10 5.573e-11 2.108e-10 2.056e-07 5.262e-11 1.007e-10 4.143e-11 5.169e-11 2.805e-04 7.492e-10 4.504e-11 4.120e-11 4.565e-03 2.687e-09 2.066e-03 2.590e-10 1.942e-02 4.548e-05 1.083e-09 1.503e-10 6.718e-07 5.658e-10 1.182e-10
65 TP 4 4.567e-02 6.157e-08 5.911e-10 7.886e-09 6.860e-10 1.268e-09 1.815e-01 5.120e-10 1.638e-09 1.089e-10 2.281e-10 8.078e-09 3.885e-04 6.112e-10 9.788e-11 3.919e-03 1.269e-09 1.513e-09 7.480e-10 1.078e-08 3.524e-09 4.672e-01 2.877e-09 1.149e-01 1.864e-01 3.365e-10
65 TP 5 8.489e-11 2.375e-10 2.845e-05 4.553e-10 8.046e-01 6.123e-11 4.739e-05 1.849e-01 3.237e-11 8.549e-05 8.902e-03 2.934e-10 3.316e-10 1.403e-03 1.325e-05 7.779e-11 6.904e-11 6.971e-11 7.010e-11 6.575e-11 2.530e-10 1.690e-10 4.988e-11 4.258e-10 1.477e-10 4.608e-11
65 TP 6 2.440e-07 7.301e-11 3.899e-11 1.262e-10 5.996e-11 6.699e-01 7.746e-11 2.943e-05 1.098e-02 9.817e-12 1.435e-11 8.954e-11 1.140e-10 1.142e-04 9.454e-12 3.740e-04 5.817e-06 2.392e-07 1.159e-01 6.665e-03 2.663e-10 2.793e-10 1.896e-01 1.367e-10 8.568e-11 6.396e-03
65 TP 7 1.416e-08 4.019e-01 1.813e-03 2.514e-02 5.212e-10 7.436e-10 1.092e-07 5.798e-10 5.984e-10 1.165e-10 1.805e-10 5.394e-01 6.823e-07 4.511e-10 9.936e-11 3.455e-09 9.399e-07 1.183e-08 6.792e-10 4.504e-09 3.165e-02 3.112e-08 7.564e-10 6.478e-05 2.521e-08 5.161e-10
65 TP 8 1.349e-10 1.029e-10 1.033e-10 8.317e-09 1.706e-01 1.252e-10 1.034e-08 8.128e-01 4.373e-11 9.639e-11 9.608e-03 2.561e-10 1.367e-07 6.804e-03 2.736e-10 8.301e-11 6.120e-11 5.071e-11 1.084e-10 9.007e-11 4.162e-10 1.169e-04 7.938e-11 2.614e-07 8.653e-05 7.334e-11
65 TP 9 1.766e-03 5.815e-10 8.923e-11 6.274e-10 1.636e-10 4.835e-02 1.593e-10 1.939e-04 9.433e-01 3.957e-11 4.544e-11 1.671e-10 3.547e-10 1.094e-10 3.728e-11 4.562e-10 1.101e-09 4.436e-05 2.949e-06 2.522e-05 6.346e-10 8.557e-10 1.303e-07 3.714e-10 2.279e-10 6.355e-03
65 TP 10 4.356e-10 8.988e-11 7.898e-11 1.508e-10 3.849e-10 8.755e-11 9.447e-11 2.602e-10 8.546e-11 9.751e-01 1.740e-03 9.932e-11 2.646e-10 7.028e-03 1.604e-02 8.133e-11 7.968e-11 7.905e-11 8.363e-11 7.978e-11 8.004e-05 4.265e-10 8.670e-11 1.792e-10 8.682e-11 8.464e-11
65 TP 11 4.012e-11 5.348e-11 1.586e-10 4.517e-11 7.314e-03 6.125e-11 5.421e-11 2.236e-02 3.894e-11 9.888e-04 9.691e-01 4.431e-11 4.144e-11 9.961e-11 1.312e-04 1.501e-10 6.394e-10 6.642e-05 7.121e-11 2.523e-10 4.139e-11 4.138e-11 4.247e-11 4.321e-11 5.266e-11 3.860e-11
65 TP 12 1.158e-01 5.419e-02 4.086e-08 5.814e-09 3.234e-10 7.688e-10 9.854e-02 3.735e-04 9.173e-10 1.007e-10 1.517e-10 2.071e-01 1.194e-01 2.706e-10 9.014e-11 5.658e-09 1.745e-09 2.449e-09 4.899e-10 2.938e-09 9.319e-02 1.192e-01 1.461e-09 1.676e-01 2.468e-02 7.065e-10
65 TP 13 1.584e-06 1.365e-08 3.056e-10 6.061e-09 7.619e-10 7.091e-10 4.259e-02 3.558e-04 1.103e-09 8.198e-11 9.073e-10 1.217e-08 1.891e-01 4.109e-10 6.655e-11 1.809e-09 3.059e-09 2.335e-09 5.650e-10 3.476e-09 1.924e-08 3.924e-01 1.134e-09 3.416e-01 3.393e-02 1.288e-09
65 TP 14 4.069e-10 1.042e-10 1.166e-10 2.656e-10 1.303e-09 2.155e-03 1.479e-10 3.385e-02 1.998e-10 7.068e-03 4.275e-10 1.510e-10 1.882e-10 9.569e-01 2.973e-07 1.193e-09 2.004e-10 1.803e-10 8.267e-10 3.959e-10 3.281e-10 5.011e-10 3.713e-10 2.350e-10 1.812e-10 3.669e-10
65 TP 15 6.658e-11 6.533e-11 6.440e-11 6.548e-11 1.082e-03 6.443e-11 6.555e-11 3.494e-10 6.432e-11 1.252e-02 3.071e-10 6.487e-11 6.747e-11 2.027e-10 9.864e-01 6.438e-11 6.452e-11 6.459e-11 6.459e-11 6.459e-11 6.770e-11 6.672e-11 6.431e-11 6.625e-11 6.586e-11 6.435e-11
65 TP 16 9.359e-11 2.341e-10 8.420e-04 7.697e-04 1.599e-11 3.950e-05 1.975e-10 1.776e-11 1.005e-10 8.164e-12 1.195e-11 2.336e-10 2.473e-10 6.165e-11 7.891e-12 8.026e-01 5.091e-03 3.585e-07 1.012e-02 1.767e-01 1.459e-10 1.821e-10 3.493e-03 2.158e-10 2.281e-10 3.392e-04
65 TP 17 3.474e-10 1.981e-04 6.372e-03 1.430e-03 3.675e-11 1.811e-03 3.113e-09 4.356e-11 1.960e-05 2.108e-11 3.000e-11 5.683e-10 7.604e-09 4.071e-11 2.050e-11 3.749e-01 1.422e-01 6.307e-02 5.253e-05 4.053e-01 7.621e-10 3.813e-03 1.990e-08 5.263e-10 1.125e-07 8.246e-04
65 TP 18 2.570e-10 1.248e-09 6.551e-03 1.924e-09 5.176e-11 3.604e-07 1.871e-08 5.416e-11 2.854e-05 3.314e-11 4.838e-11 4.592e-10 2.536e-09 5.056e-11 3.230e-11 7.083e-02 1.464e-05 6.921e-01 2.321e-02 2.070e-01 7.574e-10 1.327e-09 1.841e-07 6.450e-10 3.672e-09 3.216e-04
65 TP 19 2.915e-10 1.387e-10 1.009e-10 1.352e-10 1.448e-10 1.988e-01 1.220e-10 1.532e-10 7.036e-04 1.825e-11 3.129e-11 1.283e-10 1.333e-10 3.488e-10 1.746e-11 1.412e-02 2.523e-08 5.364e-03 7.366e-01 6.818e-09 1.869e-10 2.232e-10 4.302e-02 1.310e-10 1.379e-10 1.448e-03
65 TP 20 2.274e-10 4.990e-04 4.201e-05 1.087e-09 3.214e-11 3.545e-03 6.582e-10 3.485e-11 2.187e-10 1.735e-11 2.343e-11 5.574e-10 2.012e-09 4.533e-11 1.675e-11 4.440e-02 6.918e-01 1.014e-01 1.615e-07 1.580e-01 4.104e-10 6.782e-10 1.760e-09 5.861e-10 9.951e-10 2.791e-04
65 TP 21 3.309e-01 4.582e-03 9.443e-11 6.474e-02 8.478e-10 1.989e-10 9.243e-10 1.640e-10 9.068e-10 2.103e-11 6.467e-11 4.128e-05 2.631e-02 1.022e-10 1.737e-11 4.866e-10 1.446e-09 3.099e-10 1.458e-10 9.853e-10 3.468e-01 1.845e-01 2.725e-10 4.094e-02 1.701e-09 1.250e-03
65 TP 22 6.564e-04 1.568e-07 7.899e-11 8.120e-02 1.036e-10 2.622e-10 1.585e-09 7.858e-11 6.526e-09 2.181e-11 4.577e-11 1.510e-09 1.150e-01 1.051e-04 1.943e-11 3.392e-10 4.415e-10 1.954e-10 1.899e-10 6.682e-10 4.789e-01 1.951e-01 2.503e-10 1.291e-01 3.145e-09 1.143e-09
65 TP 23 1.924e-06 1.600e-10 9.423e-11 7.884e-05 2.435e-10 6.047e-01 3.345e-10 1.060e-10 3.315e-05 2.888e-11 5.709e-11 2.248e-10 2.188e-10 1.316e-10 2.945e-11 2.328e-02 8.729e-09 1.105e-03 1.985e-02 6.991e-09 5.447e-10 6.093e-10 3.509e-01 3.526e-10 3.084e-10 4.120e-05
65 TP 24 2.438e-06 2.110e-02 2.020e-10 5.852e-02 4.397e-10 3.611e-10 1.121e-09 6.433e-08 6.570e-10 4.337e-11 1.424e-05 1.137e-01 1.454e-06 2.787e-10 3.447e-11 1.305e-09 8.140e-09 6.719e-10 2.750e-10 2.422e-09 3.902e-01 7.018e-04 6.919e-10 4.136e-01 1.401e-09 2.192e-03
65 TP 25 1.398e-08 1.757e-08 1.547e-06 5.698e-09 7.926e-10 1.401e-09 7.988e-01 1.084e-09 9.628e-10 2.162e-10 4.005e-10 2.123e-08 6.866e-09 9.039e-10 1.930e-10 4.763e-09 5.467e-08 1.714e-07 1.329e-09 2.861e-02 7.563e-09 4.435e-02 1.257e-09 1.743e-06 1.282e-01 6.493e-10
65 TP 26 7.753e-03 2.458e-10 1.630e-04 1.914e-09 8.260e-10 5.974e-02 3.443e-10 6.744e-10 1.917e-02 1.070e-10 1.329e-10 4.570e-10 1.374e-03 2.707e-04 9.977e-11 9.910e-03 1.469e-09 2.123e-09 1.595e-02 2.489e-03 2.395e-09 1.104e-02 2.702e-05 1.451e-09 1.410e-03 8.707e-01
66 IP 1 6.153e-01
66 IP 2 4.363e-09
66 IP 3 3.945e-09
66 IP 4 9.910e-02
66 IP 5 1.016e-01
66 IP 6 1.983e-02
66 IP 7 5.798e-07
66 IP 8 3.995e-09
66 IP 9 1.031e-08
66 IP 10 2.415e-02
66 IP 11 9.577e-03
66 IP 12 4.731e-09
66 IP 13 4.103e-09
66 IP 14 4.300e-09
66 IP 15 2.402e-04
66 IP 16 4.034e-09
66 IP 17 2.668e-03
66 IP 18 1.208e-03
66 IP 19 7.204e-03
66 IP 20 6.387e-02
66 IP 21 4.061e-09
66 IP 22 4.060e-09
66 IP 23 4.309e-09
66 IP 24 1.946e-08
66 IP 25 1.238e-07
66 IP 26 5.733e-03
66 IP 27 6.205e-09
66 IP 28 3.850e-09
66 IP 29 3.625e-03
66 IP 30 7.298e-03
66 IP 31 4.100e-09
66 IP 32 4.438e-09
66 IP 33 1.086e-02
66 IP 34 2.773e-02
66 EP 1 2.400e-02 2.343e-01 3.414e-01 1.767e-01 9.439e-02 5.304e-02 3.652e-02 2.367e-02 1.253e-02 3.411e-03 9.069e-10 8.570e-11 6.832e-11 3.250e-11 6.154e-11 1.385e-11
66 EP 2 7.723e-05 2.089e-08 1.556e-08 1.127e-08 9.520e-03 1.127e-06 2.607e-03 1.037e-01 2.124e-01 4.425e-01 2.292e-01 8.548e-09 4.195e-09 3.502e-09 3.299e-09 3.276e-09
66 EP 3 5.473e-04 4.885e-09 5.754e-02 1.805e-01 5.326e-01 1.876e-01 3.058e-02 3.107e-08 1.064e-02 4.713e-06 1.272e-08 1.509e-08 3.340e-09 6.812e-09 2.966e-09 2.961e-09
66 EP 4 1.720e-03 7.764e-02 2.025e-01 1.689e-01 1.368e-01 9.887e-02 7.379e-02 6.018e-02 5.046e-02 4.284e-02 3.861e-02 3.328e-02 1.437e-02 1.588e-10 3.529e-11 5.480e-12
66 EP 5 2.589e-01 1.829e-01 1.699e-01 1.194e-01 7.668e-02 6.407e-02 4.406e-02 3.676e-02 1.990e-02 1.369e-02 8.369e-03 4.188e-03 1.134e-03 1.578e-04 1.604e-10 6.043e-11
66 EP 6 1.528e-01 8.326e-02 8.591e-02 7.676e-02 7.181e-02 6.374e-02 5.872e-02 5.096e-02 4.935e-02 5.280e-02 5.290e-02 5.502e-02 6.287e-02 6.687e-02 1.620e-02 3.529e-11
66 EP 7 6.750e-04 3.716e-02 2.201e-01 3.038e-01 2.043e-01 9.157e-02 5.747e-02 4.476e-02 3.580e-02 4.433e-03 7.022e-06 2.873e-09 1.427e-09 1.123e-09 1.026e-09 1.021e-09
66 EP 8 5.568e-04 2.885e-03 5.053e-09 2.107e-08 8.410e-09 7.178e-09 3.192e-04 5.075e-08 4.077e-03 4.373e-02 7.131e-02 5.008e-01 3.763e-01 4.890e-09 3.580e-09 3.515e-09
66 EP 9 1.819e-04 1.607e-02 6.032e-02 6.661e-02 6.935e-02 7.905e-02 7.426e-02 7.789e-02 1.003e-01 1.124e-01 9.953e-02 8.089e-02 6.421e-02 6.949e-02 2.230e-02 7.120e-03
66 EP 10 3.490e-03 9.318e-04 1.336e-01 2.856e-01 1.996e-01 1.287e-01 7.119e-02 5.460e-02 8.890e-02 3.315e-02 3.354e-05 2.729e-09 1.036e-09 6.691e-10 2.217e-04 1.353e-10
66 EP 11 8.895e-03 2.869e-02 4.110e-02 4.569e-02 5.223e-02 6.558e-02 6.655e-02 7.403e-02 7.938e-02 8.067e-02 8.401e-02 9.901e-02 1.249e-01 1.199e-01 2.935e-02 1.746e-11
66 EP 12 1.603e-04 1.119e-02 1.462e-02 3.101e-02 3.035e-02 1.189e-08 1.883e-01 5.232e-01 1.400e-01 2.223e-08 4.655e-02 1.465e-02 3.971e-09 2.919e-09 2.581e-09 2.557e-09
66 EP 13 5.261e-09 4.134e-03 3.995e-02 9.706e-02 1.093e-01 9.656e-02 2.872e-02 3.461e-02 5.632e-02 1.178e-01 1.441e-01 1.260e-01 1.389e-01 6.411e-03 1.203e-04 4.718e-09
66 EP 14 2.161e-08 1.048e-03 2.513e-03 1.256e-03 4.343e-02 1.057e-01 1.440e-01 1.648e-01 2.529e-01 2.186e-01 6.571e-02 4.834e-09 2.619e-09 2.486e-09 2.458e-09 2.457e-09
66 EP 15 4.916e-09 1.354e-03 2.961e-02 4.633e-02 4.883e-02 4.072e-02 5.244e-02 1.051e-01 4.005e-01 1.296e-01 3.684e-02 6.835e-02 4.027e-02 7.189e-09 4.800e-09 4.707e-09
66 EP 16 1.692e-09 2.502e-08 3.321e-03 7.759e-09 1.287e-08 5.325e-09 3.634e-02 5.650e-02 1.029e-01 1.921e-01 4.205e-01 1.883e-01 1.547e-09 8.296e-10 7.641e-10 7.596e-10
66 EP 17 1.790e-09 1.325e-02 4.188e-01 4.536e-01 2.961e-02 4.548e-09 1.524e-04 1.060e-02 3.547e-02 3.009e-02 8.417e-03 3.257e-09 1.433e-09 1.342e-09 1.330e-09 1.329e-09
66 EP 18 3.304e-04 7.889e-09 4.389e-03 9.901e-09 1.028e-08 1.129e-04 3.327e-05 2.355e-02 2.972e-02 1.379e-08 3.991e-08 5.008e-01 4.351e-01 5.878e-03 2.163e-09 2.145e-09
66 EP 19 1.409e-01 2.447e-02 3.016e-02 3.017e-02 4.076e-02 4.493e-02 4.404e-02 4.355e-02 4.340e-02 4.544e-02 5.176e-02 6.016e-02 7.356e-02 1.317e-01 1.929e-01 2.108e-03
66 EP 20 6.492e-02 1.083e-01 1.407e-01 1.228e-01 1.100e-01 9.073e-02 7.994e-02 6.848e-02 5.904e-02 5.219e-02 4.689e-02 3.679e-02 1.914e-02 2.641e-10 2.674e-11 1.286e-11
66 EP 21 2.290e-08 1.428e-08 3.776e-08 2.224e-08 2.050e-08 2.934e-05 8.824e-08 3.108e-04 2.439e-08 1.098e-01 4.454e-01 3.992e-01 4.526e-02 6.027e-09 5.585e-09 5.580e-09
66 EP 22 1.672e-08 5.638e-03 1.126e-02 2.510e-02 2.341e-02 2.743e-02 1.001e-02 7.504e-03 7.254e-08 6.018e-02 7.449e-02 1.486e-05 3.879e-01 3.593e-01 7.743e-03 4.761e-09
66 EP 23 1.389e-08 8.467e-09 1.127e-08 9.167e-09 1.188e-08 5.098e-04 9.609e-09 1.119e-06 6.116e-02 2.225e-01 4.199e-01 2.959e-01 7.038e-09 4.149e-09 4.030e-09 4.026e-09
66 EP 24 1.599e-04 8.886e-03 5.369e-02 7.986e-02 1.037e-01 1.110e-01 1.173e-01 1.287e-01 1.167e-01 8.059e-02 6.875e-02 6.720e-02 4.494e-02 1.702e-02 1.478e-03 1.581e-11
66 EP 25 1.402e-10 6.112e-10 1.479e-08 5.073e-03 3.042e-02 6.989e-02 7.553e-02 7.414e-02 8.870e-02 1.179e-01 1.292e-01 1.296e-01 1.513e-01 1.127e-01 1.566e-02 1.509e-11
66 EP 26 8.048e-10 1.748e-03 5.425e-02 7.878e-02 4.741e-02 3.408e-02 2.350e-02 3.328e-03 1.535e-08 1.557e-08 3.477e-02 6.445e-02 1.391e-01 2.334e-01 2.776e-01 7.533e-03
66 EP 27 1.606e-04 1.075e-03 2.842e-02 4.921e-07 9.665e-02 3.335e-01 3.592e-01 1.397e-01 3.942e-02 1.123e-03 7.548e-04 2.897e-09 1.094e-09 7.696e-10 7.371e-10 7.354e-10
66 EP 28 5.826e-09 1.216e-02 4.522e-02 9.878e-02 1.370e-01 4.109e-01 2.624e-01 2.909e-07 2.918e-08 3.359e-02 1.017e-07 7.466e-09 5.595e-09 4.631e-09 4.236e-09 4.218e-09
66 EP 29 1.852e-02 1.818e-01 5.910e-01 3.915e-02 4.312e-04 4.315e-02 8.382e-02 3.163e-02 9.496e-03 1.023e-03 6.386e-09 4.629e-09 3.610e-09 3.618e-09 3.567e-09 3.566e-09
66 EP 30 1.979e-09 9.799e-03 8.969e-07 2.379e-01 5.750e-01 1.772e-01 3.171e-06 3.033e-09 1.261e-08 6.908e-09 7.016e-05 5.039e-09 1.407e-09 1.124e-09 1.095e-09 1.095e-09
66 EP 31 3.662e-04 5.042e-09 2.562e-08 1.997e-05 3.987e-02 1.688e-05 1.041e-01 2.993e-01 3.843e-01 1.720e-01 7.020e-08 9.400e-09 3.728e-09 2.329e-09 2.153e-09 2.145e-09
66 EP 32 6.906e-09 2.811e-08 2.331e-04 7.929e-07 2.733e-01 1.683e-01 2.118e-08 2.351e-02 1.972e-01 3.375e-01 1.074e-06 8.651e-09 5.493e-09 4.238e-09 4.130e-09 4.125e-09
66 EP 33 4.195e-04 4.290e-02 1.537e-01 1.541e-01 1.394e-01 1.138e-01 9.157e-02 7.887e-02 6.845e-02 6.525e-02 5.257e-02 2.921e-02 9.197e-03 5.685e-04 1.047e-05 5.763e-12
66 EP 34 4.450e-03 1.657e-02 2.912e-02 2.543e-02 3.051e-02 3.637e-02 4.086e-02 4.312e-02 4.583e-02 5.640e-02 6.494e-02 7.905e-02 9.964e-02 1.750e-01 2.319e-01 2.084e-02
66 TP 1 8.256e-01 3.449e-09 2.435e-10 2.140e-05 7.059e-04 1.611e-11 2.026e-05 3.345e-11 2.472e-10 1.022e-01 1.528e-10 4.323e-11 1.590e-10 2.827e-05 3.661e-11 9.280e-11 1.498e-10 3.777e-11 1.538e-11 2.271e-10 2.674e-11 6.443e-06 1.505e-04 1.094e-02 5.522e-08 1.791e-10 8.803e-11 2.879e-11 8.969e-11 1.261e-10 5.911e-06 2.518e-10 6.034e-02 3.384e-11
66 TP 2 2.421e-08 1.956e-01 8.391e-08 1.667e-08 5.463e-09 3.316e-09 9.317e-03 6.597e-09 5.898e-09 2.101e-08 4.189e-09 6.521e-09 1.234e-08 1.562e-08 7.935e-09 3.743e-01 7.011e-08 2.123e-05 3.302e-09 5.338e-09 9.286e-09 4.396e-09 9.132e-02 2.358e-08 1.199e-08 2.279e-03 1.818e-01 1.488e-08 9.414e-09 2.333e-02 5.372e-05 1.221e-01 2.220e-08 3.413e-09
66 TP 3 3.006e-08 4.030e-01 2.925e-08 1.716e-08 4.277e-09 2.992e-09 1.641e-08 2.592e-06 9.547e-09 3.383e-08 3.656e-09 7.195e-09 2.751e-02 1.147e-01 6.349e-09 4.165e-02 7.032e-08 1.358e-02 2.981e-09 4.635e-09 6.531e-09 4.704e-04 2.650e-01 5.233e-08 5.121e-08 4.115e-09 3.817e-02 5.380e-09 8.228e-07 1.895e-04 9.569e-02 7.091e-08 3.016e-08 3.043e-09
66 TP 4 4.344e-10 2.627e-11 4.097e-11 8.275e-01 1.232e-10 5.379e-12 2.301e-11 8.727e-11 7.407e-03 4.861e-10 7.551e-11 8.284e-11 2.868e-09 1.641e-11 5.756e-11 1.358e-10 2.556e-11 1.119e-04 5.549e-12 7.246e-06 1.845e-11 6.707e-05 1.084e-10 1.545e-01 1.038e-02 9.628e-10 1.797e-10 1.621e-05 1.242e-11 3.634e-11 6.080e-11 1.850e-11 1.681e-09 2.035e-10
66 TP 5 2.861e-03 1.369e-04 7.455e-05 2.239e-09 9.394e-01 5.857e-03 1.728e-10 8.759e-07 2.051e-10 9.257e-06 1.020e-09 8.196e-11 1.461e-10 1.499e-10 7.649e-11 2.008e-10 1.182e-04 4.501e-06 2.723e-10 4.856e-02 9.677e-11 7.214e-11 1.267e-10 9.641e-05 5.626e-09 1.147e-10 1.241e-04 9.976e-11 1.645e-06 2.118e-05 2.903e-05 1.089e-10 2.692e-03 2.315e-10
66 TP 6 3.790e-11 3.210e-11 3.200e-11 4.116e-11 3.090e-03 9.732e-01 3.185e-11 3.197e-11 4.451e-11 3.577e-11 4.983e-04 3.203e-11 3.210e-11 3.177e-11 3.225e-11 3.192e-11 3.191e-11 3.200e-11 2.318e-02 4.072e-10 3.173e-11 3.220e-11 3.188e-11 4.054e-11 4.028e-11 4.355e-11 3.189e-11 3.193e-11 3.186e-11 3.231e-11 3.197e-11 3.192e-11 3.564e-11 1.668e-09
66 TP 7 6.274e-09 2.738e-02 7.648e-02 1.724e-08 1.968e-08 1.035e-09 2.345e-01 3.166e-09 2.272e-09 9.229e-09 1.500e-09 3.070e-02 3.601e-08 1.297e-01 6.643e-09 1.321e-01 2.990e-02 1.639e-02 1.029e-09 1.948e-09 9.606e-03 5.187e-05 3.526e-02 4.722e-03 2.107e-08 1.521e-09 1.046e-01 5.886e-02 3.986e-02 3.401e-03 4.590e-02 2.061e-02 9.074e-09 1.064e-09
66 TP 8 1.121e-08 3.393e-02 5.372e-08 8.055e-08 1.445e-03 3.569e-09 3.843e-02 2.622e-01 8.403e-09 4.965e-08 6.174e-09 4.007e-02 5.351e-08 3.003e-02 6.992e-02 2.583e-01 1.813e-04 4.129e-02 3.562e-09 2.695e-03 6.055e-09 7.008e-02 7.044e-08 2.273e-08 1.964e-08 5.796e-09 8.963e-03 1.178e-08 1.056e-04 5.517e-08 1.423e-01 3.658e-05 3.632e-08 3.691e-09
66 TP 9 6.238e-10 1.359e-10 1.058e-10 3.367e-07 1.320e-10 7.301e-11 2.377e-08 3.512e-05 4.771e-01 4.221e-10 3.288e-10 1.493e-07 1.998e-10 1.292e-10 2.992e-10 2.560e-09 6.606e-11 5.004e-07 6.464e-11 2.148e-10 5.740e-11 4.648e-10 6.416e-11 5.774e-07 7.802e-02 4.443e-01 5.225e-07 6.690e-05 5.631e-11 9.167e-11 4.121e-05 4.125e-10 4.241e-10 4.368e-04
66 TP 10 1.241e-02 1.427e-06 1.396e-09 1.147e-08 1.542e-04 1.600e-10 1.308e-03 3.151e-10 3.275e-09 1.167e-03 4.476e-04 5.068e-10 8.598e-05 2.275e-04 3.800e-10 1.573e-09 1.186e-09 3.399e-10 1.507e-10 3.364e-09 2.513e-10 3.557e-10 5.803e-08 1.005e-01 1.111e-06 1.124e-09 5.743e-09 3.686e-10 4.658e-09 1.681e-09 5.191e-09 1.035e-09 8.837e-01 7.839e-10
66 TP 11 1.949e-04 2.885e-11 3.023e-11 2.244e-10 5.663e-10 5.638e-04 1.771e-11 2.595e-11 1.812e-10 1.370e-10 8.643e-01 2.499e-11 2.298e-11 1.705e-11 2.136e-11 2.851e-11 1.650e-11 2.725e-11 3.542e-04 1.237e-01 1.989e-11 1.843e-11 2.463e-11 1.730e-10 2.036e-10 1.487e-10 2.160e-11 2.257e-11 1.626e-11 2.213e-11 2.230e-11 1.911e-11 2.058e-10 1.094e-02
66 TP 12 8.925e-09 1.926e-08 5.881e-09 1.482e-08 2.022e-03 2.600e-09 1.610e-06 2.273e-01 4.849e-09 1.757e-08 4.461e-09 5.315e-03 1.344e-08 1.250e-08 6.644e-09 2.637e-01 1.514e-08 3.334e-01 2.595e-09 7.416e-09 5.218e-02 1.120e-01 2.431e-08 1.895e-08 1.824e-08 5.349e-09 2.035e-08 1.843e-03 6.633e-09 2.170e-03 4.959e-07 3.457e-06 2.061e-08 3.088e-09
