75 IP 1 3.531e-02
75 IP 2 3.242e-08
75 IP 3 4.991e-02
75 IP 4 1.116e-02
75 IP 5 1.381e-08
75 IP 6 5.757e-02
75 IP 7 8.392e-03
75 IP 8 6.040e-08
75 IP 9 2.136e-02
75 IP 10 6.121e-08
75 IP 11 1.521e-02
75 IP 12 4.104e-09
75 IP 13 1.289e-08
75 IP 14 1.157e-02
75 IP 15 1.435e-01
75 IP 16 1.099e-02
75 IP 17 1.933e-02
75 IP 18 3.499e-02
75 IP 19 2.952e-02
75 IP 20 1.644e-01
75 IP 21 1.499e-02
75 IP 22 4.640e-03
75 IP 23 1.187e-02
75 IP 24 8.527e-03
75 IP 25 2.550e-01
75 IP 26 9.173e-02
75 IP 27 1.476e-08
75 IP 28 6.510e-08
75 EP 1 4.931e-10 2.946e-03 1.517e-02 2.180e-02 3.146e-02 6.447e-02 6.675e-02 7.559e-02 8.013e-02 7.890e-02 6.432e-02 1.345e-01 3.639e-01 5.500e-05 1.366e-10
75 EP 2 1.619e-10 8.497e-03 2.857e-02 4.159e-02 5.395e-02 7.919e-02 9.214e-02 8.248e-02 2.568e-02 2.033e-01 3.744e-01 1.016e-02 1.042e-09 5.058e-06 3.487e-11
75 EP 3 1.414e-10 9.671e-03 1.254e-02 8.723e-03 7.071e-03 1.843e-02 2.445e-02 2.289e-02 2.234e-02 4.581e-02 1.052e-01 1.096e-01 1.600e-01 4.460e-01 7.147e-03
75 EP 4 3.754e-10 1.524e-02 4.955e-02 2.899e-02 5.363e-02 1.088e-01 9.378e-02 8.321e-02 2.915e-01 2.753e-01 1.960e-05 1.975e-10 7.671e-10 5.180e-11 3.054e-11
75 EP 5 9.216e-11 1.635e-02 3.330e-02 2.810e-02 2.920e-02 3.644e-02 4.273e-02 4.433e-02 4.911e-02 5.879e-02 9.176e-02 1.448e-01 1.075e-01 2.166e-01 1.010e-01
75 EP 6 3.441e-03 1.043e-01 1.430e-01 1.066e-01 1.120e-01 1.036e-01 7.711e-02 6.385e-02 6.689e-02 7.883e-02 8.465e-02 5.579e-02 4.947e-10 1.761e-10 4.168e-11
75 EP 7 1.496e-03 8.139e-02 9.628e-02 5.008e-02 4.626e-02 5.681e-02 4.537e-02 4.564e-02 5.532e-02 6.720e-02 8.581e-02 1.643e-01 2.040e-01 1.861e-05 4.342e-11
75 EP 8 1.021e-04 1.386e-02 2.707e-02 2.074e-02 3.406e-02 6.291e-02 6.822e-02 8.883e-02 1.015e-01 7.539e-02 1.689e-01 3.301e-01 8.372e-03 8.577e-11 2.786e-11
75 EP 9 3.170e-04 1.809e-02 2.226e-02 1.647e-02 9.023e-03 2.126e-02 1.705e-02 3.190e-03 5.170e-03 1.542e-02 4.807e-02 3.164e-02 8.859e-02 7.035e-01 6.158e-10
75 EP 10 1.106e-02 1.642e-01 3.446e-01 2.467e-01 1.191e-01 7.258e-02 4.154e-02 1.121e-09 1.949e-10 2.020e-10 2.299e-04 4.195e-11 3.475e-11 2.694e-11 2.568e-11
75 EP 11 5.079e-04 1.469e-02 1.736e-02 1.340e-02 1.276e-02 2.957e-02 3.273e-02 2.964e-02 3.812e-02 8.979e-02 9.098e-02 1.862e-01 4.213e-01 2.297e-02 1.144e-10
75 EP 12 4.110e-10 5.687e-03 2.426e-02 6.815e-02 1.493e-01 2.113e-01 2.596e-01 1.865e-01 4.498e-02 3.145e-02 1.836e-02 3.937e-04 6.364e-10 3.824e-10 3.810e-10
75 EP 13 3.423e-10 5.871e-09 7.252e-09 5.770e-09 3.206e-09 6.689e-05 7.995e-03 2.721e-02 5.603e-02 6.816e-02 7.935e-02 2.349e-01 4.535e-01 7.279e-02 1.459e-10
75 EP 14 1.004e-09 2.777e-08 1.015e-02 1.278e-03 1.245e-02 2.326e-08 4.848e-06 2.707e-02 3.344e-03 4.541e-02 8.371e-09 1.809e-03 3.922e-02 7.022e-03 8.522e-01
75 EP 15 8.820e-04 4.891e-02 1.264e-01 9.455e-02 1.024e-01 1.096e-01 1.045e-01 8.109e-02 6.369e-02 6.548e-02 8.562e-02 9.299e-02 2.399e-02 3.923e-10 4.498e-11
75 EP 16 3.224e-04 5.300e-03 7.842e-02 1.515e-01 2.155e-01 1.830e-01 1.568e-01 1.492e-01 6.013e-02 3.198e-10 2.149e-09 4.543e-11 3.487e-11 1.664e-11 1.472e-11
75 EP 17 4.194e-10 6.892e-03 9.367e-03 9.488e-03 7.474e-03 1.331e-02 1.693e-02 1.556e-02 2.399e-02 2.269e-02 8.845e-02 1.851e-01 1.338e-01 4.670e-01 3.659e-09
75 EP 18 8.542e-04 1.815e-02 7.764e-02 1.041e-01 1.330e-01 1.490e-01 1.360e-01 1.007e-01 9.235e-02 1.092e-01 7.891e-02 1.523e-05 1.398e-10 4.206e-11 2.420e-11
75 EP 19 8.044e-10 2.010e-02 5.013e-02 3.268e-02 4.594e-02 6.887e-02 7.801e-02 9.244e-02 8.195e-02 7.747e-02 1.598e-01 2.530e-01 3.959e-02 1.454e-10 1.852e-11
75 EP 20 6.023e-03 1.248e-01 3.186e-01 2.256e-01 1.579e-01 8.100e-02 3.592e-02 3.078e-02 1.942e-02 2.967e-07 4.392e-10 2.257e-10 1.015e-10 6.248e-11 4.594e-11
75 EP 21 5.886e-04 4.431e-02 7.315e-02 2.471e-02 3.221e-02 6.666e-02 7.589e-02 6.724e-02 6.380e-02 1.538e-01 2.677e-01 1.296e-01 3.468e-04 1.055e-08 8.471e-10
75 EP 22 7.609e-05 2.322e-02 4.184e-02 3.244e-02 2.403e-02 2.182e-02 2.282e-02 2.113e-02 2.905e-02 5.579e-02 8.750e-02 7.902e-02 1.932e-01 3.576e-01 1.046e-02
75 EP 23 2.030e-03 6.849e-02 7.248e-02 6.050e-02 6.580e-02 7.151e-02 7.079e-02 6.631e-02 6.470e-02 8.090e-02 8.799e-02 8.714e-02 1.081e-01 9.326e-02 1.083e-10
75 EP 24 2.925e-09 2.223e-03 8.066e-03 3.330e-03 4.400e-02 1.016e-01 1.336e-01 1.115e-01 1.037e-01 2.217e-01 2.697e-01 6.110e-04 3.042e-10 1.457e-10 5.640e-11
75 EP 25 2.196e-01 4.029e-01 2.397e-01 7.702e-02 3.618e-02 2.014e-02 3.822e-03 6.882e-04 9.540e-08 1.873e-10 2.389e-10 1.205e-10 1.131e-10 1.093e-10 1.076e-10
75 EP 26 1.128e-02 2.417e-01 3.178e-01 1.927e-01 1.006e-01 5.188e-02 4.270e-02 2.167e-02 1.444e-02 5.120e-03 3.241e-10 7.697e-05 1.182e-10 9.779e-11 9.215e-11
75 EP 27 1.300e-03 3.684e-02 1.303e-01 1.327e-01 1.574e-01 1.454e-01 1.210e-01 9.430e-02 9.063e-02 8.055e-02 9.546e-03 2.120e-10 8.824e-11 7.605e-11 2.907e-11
75 EP 28 1.492e-04 1.812e-02 2.707e-02 2.660e-02 3.358e-02 5.149e-02 4.914e-02 4.189e-02 6.250e-02 9.140e-02 5.993e-02 8.911e-02 4.074e-01 4.160e-02 3.606e-11
75 TP 1 3.781e-01 3.972e-10 1.997e-03 1.871e-10 1.408e-10 6.963e-10 1.357e-09 8.708e-10 2.634e-01 6.364e-11 3.554e-06 4.776e-11 1.739e-01 4.167e-10 3.674e-05 7.752e-11 5.205e-02 9.622e-10 3.375e-06 3.471e-10 1.305e-01 7.406e-10 8.828e-11 2.265e-10 7.551e-11 4.377e-10 2.099e-10 5.250e-09
75 TP 2 2.277e-10 5.050e-01 1.547e-03 1.929e-01 8.994e-11 6.602e-10 1.155e-10 7.580e-02 1.130e-10 1.023e-02 1.786e-09 4.189e-04 7.122e-10 3.660e-10 1.727e-10 6.458e-02 8.910e-11 1.852e-09 1.488e-09 6.406e-04 1.196e-10 7.052e-11 1.856e-10 2.247e-09 8.170e-10 6.852e-04 1.482e-01 3.282e-09
75 TP 3 5.882e-06 7.849e-10 7.567e-01 1.637e-10 1.241e-10 4.545e-10 3.636e-10 1.060e-09 1.604e-03 8.740e-11 2.039e-02 5.242e-11 5.743e-03 2.580e-10 8.965e-10 2.464e-08 6.114e-10 7.094e-10 1.540e-02 2.636e-10 2.363e-09 2.098e-10 9.690e-05 2.879e-10 5.269e-11 1.500e-10 2.066e-10 2.000e-01
75 TP 4 2.086e-10 1.143e-01 2.033e-05 4.796e-01 7.422e-11 4.543e-10 1.020e-10 2.405e-09 8.008e-11 5.301e-02 3.049e-03 1.193e-05 1.553e-10 4.011e-11 9.096e-05 3.300e-01 7.257e-11 6.934e-10 5.823e-06 2.267e-04 1.597e-10 7.112e-11 5.012e-10 1.862e-08 5.553e-04 8.854e-10 1.552e-02 3.582e-03
75 TP 5 5.707e-10 8.641e-11 9.416e-09 6.974e-11 9.299e-01 1.257e-09 2.020e-09 1.037e-10 7.003e-10 6.669e-11 1.537e-10 4.806e-11 3.556e-10 4.163e-04 1.830e-10 7.442e-11 9.085e-10 2.077e-10 2.989e-10 1.561e-10 8.191e-10 1.069e-03 6.828e-02 8.950e-11 1.992e-10 1.583e-10 7.742e-11 3.577e-04
75 TP 6 6.720e-10 3.322e-10 2.003e-10 3.294e-10 3.456e-10 9.016e-01 8.521e-02 8.523e-04 7.612e-05 1.968e-10 2.125e-09 3.339e-11 3.215e-10 1.069e-10 4.196e-10 2.091e-10 1.918e-10 1.982e-09 3.269e-04 7.865e-04 8.204e-10 1.931e-09 2.104e-03 3.342e-10 4.465e-04 8.518e-03 3.407e-10 3.171e-05
75 TP 7 7.785e-08 1.130e-10 2.087e-10 7.927e-11 2.305e-10 6.412e-02 8.354e-01 3.415e-10 2.303e-03 6.364e-11 1.428e-04 2.632e-11 3.626e-04 6.409e-11 6.252e-06 8.276e-11 9.638e-10 1.046e-09 4.913e-04 3.528e-10 3.070e-06 9.686e-02 3.266e-10 1.268e-10 1.495e-04 1.747e-04 1.716e-10 8.715e-08
75 TP 8 2.649e-10 1.633e-01 1.901e-06 1.726e-09 8.676e-11 6.024e-04 1.171e-10 6.686e-01 1.340e-10 2.459e-09 1.130e-01 3.749e-05 7.127e-10 5.368e-11 1.979e-10 4.417e-03 1.291e-10 1.044e-02 1.481e-05 9.812e-10 1.271e-10 5.057e-11 1.300e-10 1.932e-09 1.134e-10 9.554e-05 3.950e-02 4.299e-09
75 TP 9 2.721e-01 1.014e-10 1.664e-04 7.721e-11 1.543e-10 4.134e-10 4.313e-04 3.433e-10 4.324e-01 5.331e-11 1.427e-09 2.671e-11 5.230e-02 3.144e-03 2.195e-02 1.883e-10 1.330e-01 5.945e-10 1.128e-09 5.999e-10 8.424e-02 1.259e-04 2.405e-10 8.161e-11 2.542e-11 3.583e-11 1.332e-04 9.379e-10
75 TP 10 1.473e-10 3.278e-10 6.494e-11 1.906e-04 3.493e-11 1.661e-04 7.931e-11 5.235e-10 4.219e-11 6.346e-01 8.673e-10 9.919e-10 8.053e-11 2.938e-11 3.666e-10 3.517e-01 4.537e-11 2.396e-08 2.697e-09 1.165e-03 9.166e-11 5.675e-11 6.340e-11 8.257e-03 3.858e-03 6.009e-07 4.778e-09 1.513e-10
75 TP 11 3.061e-07 2.559e-07 2.823e-02 8.019e-10 2.364e-10 6.248e-10 2.066e-10 2.370e-01 3.722e-10 6.415e-05 7.229e-01 1.969e-10 1.584e-09 1.399e-08 3.231e-06 1.618e-09 5.441e-04 3.481e-09 6.216e-03 4.081e-10 4.083e-10 1.295e-10 1.552e-10 1.161e-09 1.050e-10 2.148e-10 5.045e-03 1.643e-08
75 TP 12 5.556e-10 3.032e-09 6.792e-10 1.230e-08 1.007e-09 4.893e-10 4.365e-10 1.858e-03 4.267e-10 9.638e-09 1.147e-03 9.836e-01 5.830e-10 4.085e-10 5.445e-10 9.591e-03 4.163e-10 2.420e-09 1.597e-09 1.749e-08 4.620e-10 4.159e-10 4.127e-04 3.352e-03 6.180e-10 6.522e-10 3.591e-09 4.609e-09
75 TP 13 3.462e-09 2.744e-09 4.004e-09 1.419e-04 3.009e-10 3.654e-05 1.511e-09 2.508e-09 9.491e-08 2.152e-10 2.972e-03 1.329e-10 1.995e-01 4.869e-03 5.863e-01 2.659e-10 8.159e-09 3.464e-02 8.177e-05 6.186e-03 1.645e-01 1.048e-09 1.807e-10 5.955e-10 1.821e-10 8.076e-04 2.632e-09 3.219e-09
75 TP 14 3.583e-02 2.014e-10 1.255e-09 1.334e-10 2.290e-03 1.638e-10 2.942e-10 1.686e-10 1.776e-01 1.035e-10 1.811e-10 1.033e-10 9.150e-10 2.282e-01 5.096e-10 1.318e-10 5.525e-01 2.008e-10 3.448e-10 1.098e-10 2.290e-09 3.463e-03 2.099e-09 9.735e-05 9.823e-11 1.051e-10 2.067e-10 4.833e-10
75 TP 15 2.737e-01 3.857e-10 2.213e-09 3.430e-10 1.184e-10 5.775e-10 1.786e-09 2.911e-09 8.077e-08 1.372e-10 3.839e-05 5.515e-11 1.665e-09 1.333e-10 7.160e-01 1.732e-10 2.409e-09 3.700e-09 1.477e-03 1.848e-08 2.454e-09 6.015e-10 8.645e-11 4.108e-10 1.134e-03 9.975e-04 6.458e-09 6.669e-03
75 TP 16 1.248e-10 7.140e-10 3.217e-10 1.524e-01 2.474e-11 1.492e-09 4.451e-11 1.918e-03 3.289e-11 1.735e-01 1.031e-04 4.181e-04 7.493e-11 1.795e-11 6.972e-05 5.976e-01 2.992e-11 6.394e-10 1.937e-03 3.929e-09 7.861e-11 2.982e-11 7.428e-11 6.128e-02 1.079e-02 2.311e-09 1.044e-09 9.117e-10
75 TP 17 2.327e-09 3.439e-10 1.154e-09 1.737e-10 3.217e-10 1.907e-09 1.266e-03 6.242e-10 2.279e-01 7.308e-11 4.769e-10 4.275e-11 2.665e-02 2.627e-01 2.404e-09 1.187e-10 4.812e-01 4.699e-09 3.240e-09 3.029e-09 9.511e-09 2.174e-04 4.364e-10 1.728e-10 4.823e-11 9.426e-11 7.006e-09 7.250e-10
75 TP 18 5.697e-03 1.892e-09 2.802e-05 9.526e-10 5.520e-11 4.422e-10 1.441e-09 5.720e-03 3.916e-09 1.669e-08 8.208e-09 4.204e-11 2.578e-10 1.840e-06 5.484e-10 2.592e-09 1.842e-10 6.417e-01 2.331e-01 9.600e-02 3.495e-10 2.831e-10 4.311e-04 1.161e-09 2.678e-03 3.768e-06 6.015e-04 1.402e-02
75 TP 19 3.593e-08 1.427e-09 2.010e-02 1.246e-03 4.701e-11 1.088e-05 3.806e-04 7.767e-05 8.301e-10 4.143e-10 3.489e-08 5.521e-11 3.404e-03 9.029e-11 1.634e-06 1.307e-03 4.948e-10 1.942e-01 5.658e-01 1.760e-02 4.780e-07 1.238e-10 4.519e-10 5.373e-10 7.844e-11 3.419e-10 1.791e-09 1.959e-01
75 TP 20 2.391e-09 1.220e-09 2.637e-10 3.073e-09 9.375e-11 6.935e-06 7.350e-09 1.871e-09 5.407e-10 3.501e-03 5.893e-10 9.574e-11 3.106e-10 1.177e-10 5.235e-03 6.141e-09 1.776e-10 3.435e-01 8.463e-09 6.424e-01 6.473e-10 3.264e-10 8.167e-10 3.368e-06 4.522e-06 5.389e-03 3.180e-09 1.084e-09
75 TP 21 4.576e-02 1.764e-09 3.822e-09 6.157e-05 4.841e-10 2.121e-09 1.416e-09 8.602e-10 6.367e-01 2.598e-10 1.276e-09 6.085e-10 1.602e-01 2.729e-02 9.849e-09 3.152e-10 1.703e-03 1.352e-08 2.966e-09 1.531e-09 1.283e-01 1.281e-09 2.746e-10 7.385e-10 6.480e-10 1.071e-09 1.969e-08 1.862e-08
75 TP 22 4.441e-10 1.338e-10 2.141e-10 7.097e-11 1.090e-04 8.537e-10 1.484e-01 9.676e-11 3.381e-10 5.643e-11 1.572e-10 3.755e-11 6.127e-08 8.812e-04 8.152e-10 6.282e-11 1.198e-09 1.202e-09 2.648e-10 3.184e-10 4.632e-10 8.506e-01 1.800e-09 1.040e-10 8.969e-11 5.954e-10 9.255e-11 4.873e-10
75 TP 23 1.309e-10 2.156e-09 1.156e-09 8.114e-11 4.681e-02 2.321e-03 4.750e-10 1.014e-10 1.643e-10 5.454e-11 1.757e-10 3.804e-11 1.278e-10 9.978e-11 1.133e-10 7.082e-11 1.493e-10 4.361e-04 7.133e-10 3.675e-10 1.782e-10 5.787e-10 9.482e-01 6.856e-06 2.947e-05 2.147e-03 7.067e-11 4.889e-05
75 TP 24 3.796e-10 1.796e-01 1.518e-05 5.153e-02 1.422e-10 1.158e-08 2.039e-10 2.996e-01 1.654e-10 1.154e-09 4.959e-03 3.608e-10 4.635e-10 1.080e-10 3.779e-10 2.847e-09 1.373e-10 1.426e-09 5.021e-09 1.161e-09 2.305e-10 1.146e-10 1.139e-09 4.642e-01 8.659e-10 5.468e-10 2.163e-09 5.513e-05
75 TP 25 3.514e-04 8.947e-10 1.691e-10 4.388e-03 1.992e-04 4.215e-03 1.234e-09 3.834e-10 1.616e-10 2.490e-02 3.300e-10 1.681e-10 2.291e-10 1.216e-10 4.583e-03 7.355e-02 1.628e-10 1.890e-02 5.164e-10 4.403e-03 3.763e-10 3.609e-10 1.460e-09 3.133e-03 8.458e-01 1.555e-02 3.306e-05 3.146e-10
75 TP 26 6.548e-09 8.568e-10 1.818e-10 1.407e-09 2.342e-09 2.884e-02 9.780e-10 4.138e-10 3.292e-10 5.975e-05 2.809e-10 1.157e-10 3.110e-10 7.431e-10 4.520e-04 2.073e-09 4.962e-10 4.444e-06 6.285e-10 1.903e-02 1.132e-09 3.586e-10 7.445e-03 6.329e-10 1.585e-02 9.283e-01 5.880e-10 3.046e-10
75 TP 27 1.676e-10 2.118e-09 2.408e-10 1.674e-08 6.204e-11 4.848e-09 1.073e-10 4.841e-02 8.156e-11 3.751e-09 2.046e-03 1.443e-10 1.101e-10 4.532e-11 1.727e-10 4.552e-09 6.361e-11 1.287e-09 1.775e-09 1.687e-09 1.061e-10 7.304e-11 1.343e-10 1.443e-01 2.777e-05 4.758e-10 8.052e-01 8.296e-10
75 TP 28 5.585e-09 1.171e-09 1.191e-01 1.579e-09 6.125e-11 4.754e-08 7.678e-04 5.311e-09 2.148e-09 1.601e-10 1.870e-08 5.289e-11 1.880e-07 9.714e-11 5.847e-09 1.901e-04 3.525e-10 4.425e-09 3.242e-01 2.865e-08 6.309e-09 2.639e-10 2.599e-10 5.058e-10 7.207e-11 2.527e-10 3.312e-09 5.557e-01
76 IP 1 1.874e-08
76 IP 2 2.138e-02
76 IP 3 6.922e-03
76 IP 4 1.567e-02
76 IP 5 1.183e-02
76 IP 6 1.201e-02
76 IP 7 7.986e-02
76 IP 8 7.165e-02
76 IP 9 4.722e-08
76 IP 10 3.945e-01
76 IP 11 1.231e-02
76 IP 12 1.691e-02
76 IP 13 1.954e-02
76 IP 14 6.854e-03
76 IP 15 1.076e-01
76 IP 16 1.628e-08
76 IP 17 2.824e-02
76 IP 18 2.819e-02
76 IP 19 1.373e-02
76 IP 20 4.116e-02
76 IP 21 3.713e-02
76 IP 22 5.070e-02
76 IP 23 1.292e-03
76 IP 24 1.143e-03
76 IP 25 6.059e-08
76 IP 26 1.420e-02
76 IP 27 8.961e-09
76 IP 28 1.025e-08
76 IP 29 7.237e-03
76 IP 30 1.511e-08
76 EP 1 1.215e-09 1.595e-02 3.695e-02 3.024e-02 3.317e-02 5.806e-02 5.552e-02 4.668e-02 6.235e-02 8.684e-02 8.074e-02 1.248e-01 3.506e-01 1.810e-02 3.487e-11
76 EP 2 9.121e-05 1.000e-02 1.480e-02 1.792e-02 1.502e-02 2.433e-02 2.722e-02 3.878e-02 4.387e-02 4.321e-02 7.944e-02 1.524e-01 1.132e-01 2.433e-01 1.764e-01
76 EP 3 1.334e-04 2.744e-02 4.658e-02 3.576e-02 3.284e-02 3.202e-02 3.193e-02 3.202e-02 3.571e-02 6.316e-02 9.877e-02 8.647e-02 1.678e-01 3.093e-01 5.403e-10
76 EP 4 2.149e-10 3.612e-09 1.073e-07 1.073e-02 4.979e-02 6.100e-02 3.499e-02 6.354e-02 4.494e-02 1.273e-01 3.380e-01 2.646e-01 5.165e-03 4.767e-10 1.275e-10
76 EP 5 5.986e-04 6.460e-02 7.942e-02 4.791e-02 5.030e-02 7.290e-02 6.387e-02 6.197e-02 7.281e-02 7.942e-02 7.610e-02 1.417e-01 1.884e-01 4.232e-09 4.778e-11
76 EP 6 8.687e-02 3.417e-01 3.337e-01 1.421e-01 6.259e-02 3.307e-02 1.177e-05 5.142e-10 3.444e-10 2.814e-10 1.913e-10 1.312e-10 1.388e-10 1.182e-10 1.170e-10
76 EP 7 2.614e-03 9.569e-02 1.560e-01 1.257e-01 1.251e-01 1.079e-01 8.658e-02 6.526e-02 5.372e-02 5.007e-02 7.187e-02 5.948e-02 2.866e-10 1.139e-10 2.993e-11
76 EP 8 1.875e-04 3.674e-02 5.388e-02 3.420e-02 4.646e-02 6.546e-02 7.640e-02 9.703e-02 8.866e-02 7.187e-02 1.450e-01 2.713e-01 1.280e-02 1.295e-10 2.947e-11
76 EP 9 6.004e-11 1.185e-02 4.892e-02 4.368e-02 6.753e-02 9.928e-02 1.223e-01 9.441e-02 7.378e-02 1.981e-01 2.401e-01 6.576e-10 1.852e-10 3.825e-11 2.228e-11
76 EP 10 1.359e-01 3.945e-01 3.066e-01 9.057e-02 4.231e-02 2.002e-02 8.058e-03 1.972e-03 3.741e-10 1.564e-10 1.190e-04 1.129e-10 9.635e-11 9.039e-11 8.956e-11
76 EP 11 8.489e-05 1.010e-06 6.569e-02 8.857e-02 1.425e-01 1.516e-01 1.390e-01 9.822e-02 7.855e-02 1.173e-01 1.185e-01 1.315e-09 2.238e-10 5.313e-11 2.493e-11
76 EP 12 7.139e-05 7.028e-08 2.546e-02 2.939e-02 1.006e-01 1.264e-01 8.914e-02 1.386e-01 2.846e-01 2.058e-01 6.276e-10 3.096e-10 2.643e-10 7.397e-11 5.624e-11
76 EP 13 2.263e-10 1.132e-02 1.728e-02 7.487e-03 1.363e-02 2.657e-02 3.554e-02 2.744e-02 4.404e-02 9.836e-02 8.485e-02 1.774e-01 4.278e-01 2.833e-02 7.838e-11
76 EP 14 3.079e-10 1.523e-09 1.392e-02 4.563e-02 1.268e-01 1.695e-01 1.295e-01 1.161e-01 2.234e-01 1.752e-01 4.950e-08 1.918e-10 1.361e-10 6.254e-11 5.167e-11
76 EP 15 4.367e-03 1.151e-01 2.488e-01 1.908e-01 1.456e-01 9.715e-02 7.027e-02 6.003e-02 4.948e-02 1.836e-02 4.574e-10 1.695e-10 7.243e-11 3.110e-11 1.843e-11
76 EP 16 3.633e-10 4.327e-09 5.159e-09 8.936e-03 5.429e-02 1.285e-01 1.418e-01 1.020e-01 1.792e-01 2.646e-01 1.208e-01 2.065e-09 4.334e-10 1.346e-10 7.572e-11
76 EP 17 1.427e-04 4.620e-09 9.567e-03 1.102e-02 8.684e-03 1.037e-02 3.619e-03 1.360e-02 3.684e-02 5.940e-02 9.705e-02 6.252e-02 9.688e-02 5.903e-01 2.472e-09
76 EP 18 1.490e-03 5.191e-02 1.264e-01 9.582e-02 1.065e-01 1.106e-01 1.025e-01 8.712e-02 6.222e-02 7.767e-02 9.887e-02 7.894e-02 3.009e-07 8.530e-10 4.065e-11
76 EP 19 7.615e-04 1.120e-02 5.030e-02 5.061e-02 6.059e-02 7.718e-02 7.067e-02 8.291e-02 6.375e-02 3.947e-02 2.412e-02 1.553e-01 2.518e-01 6.132e-02 1.908e-10
76 EP 20 2.951e-10 1.368e-09 7.413e-06 1.456e-02 2.295e-02 6.398e-02 6.815e-02 6.509e-02 8.279e-02 1.238e-01 1.459e-01 1.436e-01 2.692e-01 3.281e-09 1.450e-10
76 EP 21 3.910e-03 1.363e-01 2.769e-01 1.926e-01 1.351e-01 9.006e-02 6.977e-02 4.857e-02 2.965e-02 1.323e-02 2.975e-03 6.894e-04 7.169e-05 5.963e-11 5.766e-11
76 EP 22 4.954e-04 1.120e-01 1.570e-01 8.788e-02 7.177e-02 1.192e-01 1.227e-01 6.141e-02 1.391e-03 3.205e-02 5.914e-02 2.023e-02 3.852e-09 1.547e-01 2.148e-09
76 EP 23 8.594e-10 9.696e-03 2.671e-02 1.269e-02 9.469e-03 2.553e-02 2.606e-02 4.907e-02 3.133e-02 5.984e-02 2.098e-01 2.432e-01 2.331e-04 2.964e-01 3.266e-09
76 EP 24 3.148e-10 1.004e-02 1.176e-02 8.864e-03 9.077e-03 1.118e-02 8.576e-03 1.059e-02 1.613e-02 8.800e-03 5.409e-02 1.061e-02 1.061e-04 8.402e-01 7.046e-10
76 EP 25 4.212e-04 8.367e-03 1.153e-02 8.302e-03 5.731e-03 1.829e-02 2.327e-02 2.076e-02 2.749e-02 4.838e-02 1.008e-01 1.096e-01 1.766e-01 4.336e-01 6.885e-03
76 EP 26 5.517e-05 4.201e-03 5.689e-03 6.011e-03 7.950e-03 5.736e-03 1.017e-02 8.830e-03 1.562e-02 2.013e-02 4.741e-03 9.388e-02 1.323e-01 3.440e-01 3.407e-01
76 EP 27 1.372e-09 3.457e-09 7.216e-09 4.626e-09 8.009e-03 2.181e-02 3.773e-02 8.579e-03 1.979e-02 6.094e-02 5.758e-09 5.418e-02 7.890e-01 3.785e-07 8.377e-10
76 EP 28 1.539e-04 9.177e-03 2.195e-02 2.379e-02 3.604e-02 5.491e-02 5.865e-02 8.389e-02 9.860e-02 6.346e-02 1.805e-01 3.687e-01 1.461e-04 8.971e-11 3.856e-11
76 EP 29 3.826e-10 5.225e-02 1.838e-01 2.038e-01 1.845e-01 1.425e-01 1.197e-01 8.588e-02 2.756e-02 1.651e-10 6.311e-11 2.887e-11 4.986e-11 1.659e-11 1.487e-11
76 EP 30 1.526e-10 1.709e-09 3.714e-09 2.181e-09 4.560e-03 2.262e-02 2.470e-02 4.661e-02 7.455e-02 5.802e-02 7.241e-02 2.651e-01 4.314e-01 1.155e-07 1.165e-10
76 TP 1 6.653e-01 1.573e-10 1.705e-10 3.017e-02 5.149e-10 7.088e-11 2.627e-05 1.678e-01 5.882e-10 9.351e-11 1.583e-02 4.404e-10 9.707e-05 2.495e-09 7.675e-03 2.493e-08 3.881e-10 5.885e-03 7.762e-10 1.045e-09 5.156e-10 4.510e-10 3.101e-10 5.615e-10 1.071e-01 1.826e-10 4.687e-10 7.111e-10 5.724e-10 1.479e-05
76 TP 2 4.190e-09 8.149e-01 1.844e-01 3.922e-04 2.023e-09 7.030e-11 7.373e-10 4.345e-09 1.134e-10 1.232e-10 4.100e-10 9.505e-11 1.134e-10 8.193e-11 3.278e-10 4.114e-10 5.437e-07 1.512e-09 2.254e-09 3.198e-09 1.734e-10 3.906e-07 4.648e-09 3.284e-09 3.136e-04 3.368e-09 4.077e-07 1.034e-10 7.941e-11 3.314e-09
76 TP 3 4.873e-10 6.065e-02 7.404e-01 6.637e-10 1.989e-01 2.761e-11 3.225e-05 9.559e-10 3.809e-11 1.837e-10 1.798e-09 3.195e-11 3.350e-11 2.983e-11 1.305e-06 5.002e-10 7.019e-10 2.591e-10 2.580e-10 3.602e-10 2.817e-08 5.353e-08 9.229e-10 1.204e-09 2.325e-10 1.721e-09 6.368e-10 3.406e-11 3.210e-11 6.290e-10
76 TP 4 7.437e-09 1.917e-09 4.010e-09 3.612e-01 2.642e-09 1.491e-09 2.246e-09 5.800e-09 6.828e-03 6.546e-04 2.476e-08 4.435e-05 4.526e-09 5.683e-08 4.584e-01 1.212e-01 9.439e-09 1.368e-08 3.312e-09 1.294e-08 2.514e-09 2.632e-09 2.575e-03 1.626e-08 3.340e-02 3.752e-09 5.486e-09 3.251e-09 1.577e-02 1.588e-07
76 TP 5 4.154e-09 1.312e-07 1.630e-01 1.737e-09 7.177e-01 2.687e-11 1.154e-01 1.771e-03 2.631e-11 2.573e-10 1.806e-05 2.787e-11 2.618e-11 2.442e-11 3.087e-09 4.500e-04 2.779e-10 2.597e-10 2.703e-10 3.794e-10 2.327e-04 1.053e-03 3.817e-10 3.712e-07 3.074e-10 4.175e-04 5.330e-09 2.704e-11 3.295e-11 6.781e-10
76 TP 6 3.269e-10 1.739e-10 2.958e-10 3.003e-10 2.450e-10 6.677e-01 2.299e-10 1.070e-09 7.657e-03 2.820e-03 3.201e-08 1.041e-09 2.509e-10 1.849e-02 1.691e-09 6.482e-10 1.587e-10 7.593e-10 3.440e-05 3.404e-10 1.585e-03 2.329e-10 1.595e-10 1.638e-10 3.788e-10 1.466e-10 1.741e-10 8.089e-10 3.017e-01 1.899e-10
76 TP 7 2.295e-05 2.323e-09 1.540e-03 1.249e-05 1.836e-01 4.498e-11 8.082e-01 3.192e-05 4.091e-11 2.211e-03 3.796e-09 4.785e-11 3.981e-11 4.153e-11 1.320e-09 3.084e-03 1.658e-10 2.783e-10 4.715e-10 2.239e-08 1.091e-03 1.999e-09 3.075e-10 2.104e-04 3.992e-10 2.427e-10 1.503e-09 4.078e-11 5.230e-11 3.641e-10
76 TP 8 2.390e-01 2.731e-10 6.645e-10 5.501e-02 1.244e-06 8.845e-11 2.967e-03 5.387e-01 6.167e-05 2.673e-10 1.581e-01 6.737e-10 1.408e-09 1.418e-08 3.600e-08 5.444e-03 1.733e-10 1.073e-09 1.098e-09 2.631e-09 6.854e-10 3.551e-10 2.814e-10 6.148e-10 3.726e-08 2.092e-10 1.400e-09 7.307e-04 3.524e-10 6.788e-09
76 TP 9 1.111e-03 3.088e-11 3.695e-11 6.604e-10 4.512e-11 8.841e-04 4.386e-11 4.502e-09 6.962e-01 1.014e-10 1.984e-05 1.342e-01 1.592e-03 8.398e-05 6.940e-07 2.037e-05 6.922e-11 1.182e-10 1.091e-10 1.259e-10 2.132e-10 7.236e-11 9.634e-11 3.296e-05 2.757e-10 5.778e-11 6.453e-11 1.408e-01 2.502e-02 1.030e-10
76 TP 10 2.711e-10 5.554e-10 2.623e-10 3.172e-10 6.300e-10 5.871e-08 8.614e-03 1.248e-09 1.342e-04 8.806e-01 3.017e-02 9.530e-10 1.480e-10 2.076e-03 1.641e-02 9.194e-10 1.478e-10 8.638e-03 2.509e-06 4.789e-10 4.744e-02 2.576e-10 1.587e-10 1.263e-10 1.657e-10 1.291e-10 2.450e-10 2.657e-10 5.896e-03 5.380e-10
76 TP 11 3.270e-03 4.924e-10 1.044e-09 2.546e-09 9.716e-08 2.990e-10 4.489e-09 3.058e-01 2.499e-06 4.899e-10 5.096e-01 1.824e-09 4.925e-09 3.697e-09 3.761e-03 1.730e-01 1.088e-10 4.302e-10 3.262e-03 6.693e-08 2.805e-09 3.959e-10 2.168e-10 4.909e-10 2.257e-07 1.230e-04 4.762e-09 1.201e-03 5.352e-10 5.034e-10
76 TP 12 9.827e-05 7.862e-11 9.468e-11 6.775e-10 1.068e-10 5.043e-03 1.458e-10 1.648e-09 3.035e-05 1.296e-03 2.135e-09 4.383e-01 9.011e-03 3.240e-07 1.447e-08 6.248e-09 1.688e-10 4.123e-10 4.165e-10 5.435e-10 6.803e-09 2.700e-10 1.543e-10 8.419e-09 2.701e-04 1.211e-10 1.785e-10 6.953e-08 5.459e-01 2.633e-10
76 TP 13 5.748e-06 1.090e-10 1.225e-10 1.484e-03 1.512e-10 9.850e-10 1.713e-10 1.483e-08 2.906e-04 1.175e-10 1.691e-09 1.329e-03 7.358e-01 3.323e-03 5.250e-10 1.203e-09 4.293e-10 3.418e-10 3.891e-10 4.675e-10 1.370e-10 1.485e-09 2.906e-10 5.096e-10 2.224e-02 1.811e-10 3.536e-10 2.350e-01 5.828e-04 4.103e-10
76 TP 14 1.375e-03 7.476e-11 1.133e-10 3.249e-10 2.196e-10 7.243e-10 1.862e-10 1.486e-03 3.519e-01 4.690e-10 1.400e-09 1.859e-01 1.327e-08 4.317e-01 1.113e-09 7.775e-10 1.193e-10 2.442e-10 3.502e-10 1.142e-09 2.063e-04 1.749e-10 1.399e-10 3.460e-10 5.154e-10 1.151e-10 1.752e-10 2.743e-02 3.699e-09 2.180e-10
76 TP 15 1.307e-09 1.152e-10 1.916e-10 3.741e-10 2.028e-05 4.150e-10 1.031e-03 1.086e-02 2.970e-04 7.286e-03 2.404e-01 8.151e-04 1.472e-05 2.173e-09 7.337e-01 1.093e-07 5.983e-11 3.802e-10 5.503e-03 4.342e-10 6.860e-09 2.820e-10 1.295e-10 3.048e-10 3.090e-10 6.883e-06 1.529e-10 5.478e-10 5.647e-10 1.565e-10
76 TP 16 7.075e-02 8.806e-09 4.140e-03 4.960e-02 2.134e-08 4.878e-06 3.010e-09 2.601e-08 7.204e-09 8.612e-03 3.725e-08 2.823e-09 8.657e-09 2.972e-09 5.877e-01 2.326e-01 5.857e-10 1.825e-09 6.826e-09 3.007e-03 2.296e-02 1.195e-09 5.943e-10 1.175e-09 2.059e-02 5.315e-10 7.357e-08 7.482e-07 2.341e-08 1.877e-06
76 TP 17 1.643e-09 7.055e-10 8.104e-07 4.309e-07 4.351e-08 7.481e-11 3.703e-05 1.147e-09 7.248e-10 9.633e-11 9.476e-09 1.688e-10 1.190e-09 1.074e-09 7.223e-10 3.824e-04 4.412e-01 5.019e-02 2.840e-03 1.810e-08 2.445e-04 2.901e-01 1.888e-08 3.280e-09 2.096e-09 1.920e-09 5.586e-09 2.309e-10 1.199e-10 2.149e-01
76 TP 18 1.236e-02 6.661e-10 3.800e-10 7.998e-10 2.791e-10 1.690e-10 2.182e-10 3.170e-09 7.716e-10 2.586e-03 1.529e-09 2.655e-10 4.775e-10 4.619e-10 1.419e-09 9.618e-10 4.886e-10 7.058e-01 1.667e-01 8.685e-02 2.662e-10 2.725e-07 8.263e-10 2.784e-03 3.548e-09 4.688e-10 1.434e-09 4.329e-10 1.426e-10 2.292e-02
76 TP 19 1.764e-06 5.810e-04 1.006e-09 7.688e-10 7.832e-10 1.200e-10 4.935e-10 2.002e-09 3.088e-10 1.910e-10 1.110e-09 1.821e-10 1.236e-09 2.456e-10 6.548e-10 6.623e-10 1.331e-09 3.976e-09 2.990e-01 6.239e-01 2.299e-10 1.291e-08 5.385e-09 3.598e-04 1.270e-05 2.082e-09 7.492e-02 6.005e-10 1.556e-10 1.244e-03
76 TP 20 2.367e-09 2.925e-09 4.848e-10 5.483e-10 3.690e-10 9.074e-11 2.724e-10 9.415e-10 1.734e-10 1.522e-10 6.596e-10 1.189e-10 5.136e-10 1.538e-10 4.166e-10 5.216e-10 7.154e-09 2.523e-08 1.794e-06 2.825e-01 1.409e-10 9.820e-08 1.250e-02 3.564e-01 1.479e-02 1.166e-03 6.536e-02 4.908e-10 8.952e-11 2.672e-01
76 TP 21 3.137e-10 4.762e-06 3.477e-10 1.889e-09 5.667e-10 2.815e-03 3.940e-03 4.134e-09 8.236e-10 2.653e-02 3.140e-07 1.320e-09 1.426e-10 9.657e-10 1.601e-02 6.032e-03 1.311e-10 1.586e-09 5.502e-10 5.624e-10 9.447e-01 3.341e-10 1.270e-10 2.133e-10 3.364e-10 1.581e-10 3.118e-10 2.033e-10 1.683e-09 2.999e-10
76 TP 22 2.208e-09 8.359e-10 1.921e-09 4.134e-09 8.135e-09 1.037e-10 1.368e-05 1.229e-09 5.869e-06 1.381e-10 1.172e-07 3.648e-10 2.997e-06 2.358e-04 2.103e-09 3.667e-04 3.745e-08 2.922e-08 1.131e-01 2.465e-01 4.255e-10 1.672e-01 9.900e-05 2.904e-01 1.735e-09 1.660e-09 4.047e-02 3.560e-08 1.198e-10 1.416e-01
76 TP 23 5.970e-10 9.827e-10 1.394e-09 5.932e-04 5.273e-10 8.311e-11 7.640e-10 3.756e-10 1.518e-10 9.588e-11 4.010e-10 1.489e-10 2.036e-10 1.381e-10 5.942e-10 2.725e-04 3.441e-01 2.102e-09 4.983e-09 7.719e-08 1.154e-09 2.276e-09 9.986e-02 1.786e-02 1.067e-09 5.367e-01 4.530e-09 1.287e-10 9.644e-11 5.226e-04
76 TP 24 5.511e-10 5.027e-10 1.237e-09 9.366e-10 5.389e-10 3.416e-11 2.463e-04 3.023e-10 6.835e-11 3.503e-11 3.472e-10 4.792e-11 2.366e-10 6.507e-11 3.365e-10 4.010e-10 9.397e-09 9.617e-10 5.498e-02 1.224e-01 1.031e-10 2.724e-02 2.092e-01 3.483e-01 1.242e-09 5.881e-02 1.730e-01 8.285e-11 4.504e-11 5.931e-03
76 TP 25 2.113e-01 1.563e-10 1.761e-10 2.770e-04 2.488e-10 9.402e-11 1.730e-10 1.361e-09 2.416e-10 5.306e-11 5.250e-10 6.148e-09 7.482e-03 2.999e-10 2.527e-10 6.235e-10 1.498e-08 5.885e-10 1.170e-09 1.433e-07 8.030e-06 9.429e-10 8.022e-10 3.272e-03 7.681e-01 4.093e-10 1.022e-09 3.724e-10 1.131e-10 9.597e-03
76 TP 26 1.749e-10 3.274e-07 3.394e-04 4.738e-10 4.677e-10 3.281e-11 6.131e-10 1.295e-10 6.562e-11 4.322e-11 1.047e-10 3.744e-11 6.956e-11 4.717e-11 6.579e-11 1.325e-10 5.881e-05 4.288e-10 5.014e-03 3.368e-07 8.901e-11 6.502e-03 2.069e-01 1.485e-01 2.748e-10 5.849e-01 4.779e-02 5.292e-11 3.810e-11 1.587e-09
76 TP 27 2.461e-09 2.821e-09 2.458e-09 2.513e-09 2.187e-04 1.272e-10 2.205e-03 1.606e-09 3.179e-10 1.221e-04 2.241e-09 1.417e-10 6.955e-10 2.443e-10 7.980e-10 1.412e-09 3.107e-01 1.415e-05 4.620e-09 1.402e-07 3.715e-10 1.031e-01 2.612e-01 3.740e-06 9.179e-09 7.474e-02 1.452e-01 1.241e-09 1.411e-10 1.026e-01
76 TP 28 8.787e-09 5.170e-11 6.026e-11 2.337e-03 7.455e-11 2.336e-10 7.098e-11 3.127e-03 2.491e-01 7.587e-11 3.911e-04 4.010e-06 1.202e-01 2.137e-09 9.141e-10 8.452e-04 2.133e-10 2.166e-10 3.840e-10 5.826e-10 1.027e-10 1.901e-10 2.514e-10 9.672e-07 7.222e-10 9.319e-11 1.573e-10 6.112e-01 1.279e-02 3.030e-10
76 TP 29 2.645e-10 2.720e-11 1.124e-10 6.423e-11 8.196e-11 3.963e-02 5.605e-11 1.341e-09 2.568e-06 2.598e-08 1.360e-03 3.838e-03 2.243e-10 1.603e-01 6.322e-10 1.702e-10 2.417e-11 9.887e-11 2.776e-10 6.756e-11 1.983e-04 3.647e-11 2.586e-11 2.742e-11 8.392e-11 2.475e-11 4.093e-11 2.427e-03 7.923e-01 4.197e-11
76 TP 30 1.553e-09 6.950e-10 4.407e-10 9.727e-03 7.831e-10 1.182e-10 1.074e-09 1.535e-09 5.875e-10 5.667e-10 2.311e-06 2.142e-10 5.025e-10 3.071e-10 5.576e-03 3.689e-03 1.211e-04 3.767e-01 4.367e-09 1.966e-07 3.124e-10 3.062e-01 4.582e-02 3.944e-09 2.486e-09 3.139e-07 2.989e-09 6.089e-10 1.702e-10 2.521e-01
77 IP 1 4.689e-03
77 IP 2 2.782e-08
77 IP 3 3.160e-01
77 IP 4 6.480e-03
77 IP 5 1.738e-07
77 IP 6 1.477e-08
77 IP 7 7.368e-02
77 IP 8 2.646e-01
77 IP 9 8.875e-09
77 IP 10 2.199e-08
77 IP 11 1.152e-07
77 IP 12 7.766e-02
77 IP 13 2.759e-02
77 IP 14 1.391e-08
77 IP 15 9.965e-09
77 IP 16 5.345e-09
77 IP 17 1.108e-02
77 IP 18 5.138e-08
77 IP 19 1.102e-02
77 IP 20 1.185e-02
77 IP 21 1.922e-02
77 IP 22 3.340e-02
77 IP 23 8.778e-02
77 IP 24 3.348e-02
77 IP 25 6.096e-08
77 IP 26 2.149e-02
77 EP 1 3.344e-10 1.019e-09 1.693e-09 5.015e-06 5.525e-03 2.657e-07 2.289e-02 2.809e-02 5.756e-02 1.020e-01 4.448e-02 1.649e-01 5.746e-01 2.775e-09 2.754e-10
77 EP 2 1.198e-09 1.265e-02 2.569e-02 2.345e-02 4.087e-02 5.613e-02 6.991e-02 1.023e-01 1.019e-01 4.932e-02 1.426e-01 3.554e-01 1.969e-02 8.779e-11 4.393e-11
77 EP 3 2.422e-03 8.924e-02 1.979e-01 1.556e-01 1.426e-01 1.120e-01 8.844e-02 6.353e-02 5.916e-02 6.149e-02 2.747e-02 1.529e-10 7.182e-11 2.815e-11 1.228e-11
77 EP 4 1.582e-04 1.708e-02 4.532e-02 4.112e-02 5.868e-02 9.689e-02 1.083e-01 7.330e-02 5.713e-02 2.205e-01 2.816e-01 3.362e-09 1.147e-10 4.924e-11 2.710e-11
77 EP 5 4.448e-10 1.657e-09 1.023e-09 5.984e-09 1.860e-02 5.431e-02 5.892e-02 7.015e-02 8.637e-02 9.576e-02 8.241e-02 1.464e-01 3.870e-01 4.493e-05 3.043e-10
77 EP 6 2.835e-03 9.569e-02 1.224e-01 9.932e-02 9.810e-02 9.754e-02 7.930e-02 6.760e-02 5.833e-02 5.343e-02 5.496e-02 7.766e-02 9.278e-02 5.876e-10 1.317e-10
77 EP 7 8.081e-04 6.196e-02 1.306e-01 9.717e-02 9.913e-02 1.122e-01 1.081e-01 7.960e-02 7.000e-02 6.476e-02 8.534e-02 9.036e-02 3.078e-09 1.465e-09 4.286e-11
77 EP 8 2.119e-01 4.434e-01 2.225e-01 7.570e-02 2.772e-02 1.230e-02 5.170e-03 1.214e-03 1.762e-04 2.197e-10 1.585e-10 3.693e-10 1.437e-10 1.276e-10 1.255e-10
77 EP 9 2.302e-04 3.867e-02 5.523e-02 4.555e-02 4.604e-02 5.741e-02 5.371e-02 5.179e-02 5.025e-02 6.315e-02 9.048e-02 8.741e-02 1.327e-01 2.262e-01 1.163e-03
77 EP 10 5.724e-03 1.023e-01 2.553e-01 2.229e-01 1.549e-01 1.135e-01 8.637e-02 5.423e-02 4.740e-03 1.393e-10 7.699e-11 4.264e-11 2.648e-11 2.136e-11 1.981e-11
77 EP 11 1.653e-04 2.288e-02 3.149e-02 2.926e-02 2.194e-02 4.415e-02 4.330e-02 3.049e-02 1.838e-02 3.457e-02 8.174e-02 3.840e-02 1.080e-01 4.953e-01 4.208e-10
77 EP 12 8.555e-11 7.407e-03 1.481e-02 1.174e-02 1.128e-02 2.299e-02 2.500e-02 2.555e-02 2.732e-02 5.002e-02 9.702e-02 9.364e-02 1.689e-01 4.376e-01 6.789e-03
77 EP 13 7.428e-04 4.623e-02 4.832e-02 3.135e-02 3.894e-02 4.911e-02 4.841e-02 5.760e-02 7.487e-02 9.833e-02 1.171e-01 1.306e-01 1.447e-01 1.075e-01 6.161e-03
77 EP 14 7.825e-10 7.135e-10 7.434e-03 8.683e-02 2.008e-01 1.850e-01 1.532e-01 1.462e-01 1.654e-01 5.521e-02 6.018e-10 2.819e-10 1.466e-10 9.232e-11 8.024e-11
77 EP 15 1.338e-04 5.736e-02 6.325e-02 3.035e-02 3.820e-02 7.577e-02 7.684e-02 6.655e-02 3.665e-02 1.119e-01 3.153e-01 1.276e-01 4.159e-08 6.886e-09 1.213e-09
77 EP 16 1.232e-10 1.552e-02 2.984e-02 2.200e-02 8.861e-03 2.622e-07 5.907e-07 3.738e-06 3.990e-02 3.589e-03 5.107e-09 1.741e-02 9.746e-05 2.476e-08 8.628e-01
77 EP 17 8.123e-10 1.442e-03 6.040e-04 2.644e-09 1.893e-07 2.723e-02 3.105e-02 4.713e-02 9.854e-02 1.573e-01 3.131e-01 3.146e-01 9.004e-03 3.417e-10 8.331e-11
77 EP 18 1.264e-10 4.800e-03 5.496e-02 8.167e-02 1.306e-01 1.394e-01 1.299e-01 1.359e-01 1.946e-01 1.282e-01 3.569e-10 1.886e-10 4.461e-11 3.164e-11 2.396e-11
77 EP 19 4.299e-11 6.820e-10 1.779e-09 1.125e-03 5.149e-03 1.115e-02 1.229e-02 2.154e-02 1.524e-02 3.560e-02 7.286e-02 1.680e-01 1.516e-01 5.055e-01 1.044e-09
77 EP 20 2.128e-04 8.424e-03 1.749e-02 1.021e-02 1.343e-02 3.205e-02 3.054e-02 2.381e-02 4.301e-02 9.210e-02 8.557e-02 1.430e-01 4.527e-01 4.743e-02 2.519e-05
77 EP 21 3.996e-04 3.353e-02 5.034e-02 3.343e-02 3.364e-02 5.248e-02 5.554e-02 4.797e-02 6.189e-02 7.856e-02 7.324e-02 1.525e-01 3.119e-01 1.450e-02 2.021e-11
77 EP 22 5.543e-08 5.912e-03 4.448e-02 5.096e-02 8.924e-02 1.205e-01 1.096e-01 1.093e-01 8.699e-02 8.507e-02 1.461e-01 1.520e-01 4.747e-10 8.686e-11 1.556e-11
77 EP 23 1.658e-02 2.868e-01 4.363e-01 1.328e-01 5.808e-02 3.268e-02 1.934e-02 1.265e-02 3.528e-03 1.180e-03 2.959e-10 1.204e-10 8.594e-05 9.813e-11 9.699e-11
77 EP 24 3.604e-10 1.347e-02 2.769e-02 1.535e-02 1.421e-02 2.662e-02 2.199e-02 1.648e-02 3.393e-02 2.812e-02 4.523e-02 6.807e-02 8.102e-02 6.078e-01 4.494e-10
77 EP 25 4.220e-10 1.285e-09 1.751e-09 2.193e-09 1.290e-05 4.403e-03 2.761e-04 4.032e-02 4.324e-02 6.346e-02 8.154e-02 2.191e-01 5.418e-01 5.842e-03 1.283e-10
77 EP 26 2.874e-10 1.010e-02 2.382e-02 3.587e-02 3.284e-02 3.582e-02 3.617e-02 4.037e-02 4.580e-02 5.133e-02 7.290e-02 1.335e-01 1.062e-01 2.086e-01 1.667e-01
77 TP 1 1.082e-01 4.467e-10 9.386e-10 2.388e-10 6.569e-09 1.078e-09 8.040e-04 1.861e-10 5.610e-10 1.656e-10 1.344e-02 6.901e-09 1.076e-09 6.625e-10 2.972e-01 8.882e-04 1.239e-02 3.621e-10 7.335e-03 6.475e-09 4.144e-09 2.250e-09 1.936e-10 3.640e-01 1.957e-01 9.403e-09
77 TP 2 4.657e-10 6.227e-01 1.645e-09 2.299e-01 9.917e-10 1.072e-10 3.408e-10 1.126e-10 8.332e-11 5.216e-03 1.853e-06 1.894e-09 1.013e-10 4.786e-09 5.795e-10 7.222e-11 3.913e-03 1.434e-02 3.779e-10 1.193e-01 2.117e-06 4.570e-03 1.171e-10 3.294e-10 3.016e-10 6.654e-11
77 TP 3 1.715e-10 6.195e-05 7.770e-01 1.856e-03 1.204e-02 1.254e-03 1.105e-09 3.570e-03 1.143e-10 4.813e-10 3.531e-10 1.684e-10 2.597e-09 3.712e-10 8.363e-11 2.580e-11 5.912e-10 4.414e-10 8.057e-11 2.653e-10 8.426e-10 2.015e-01 2.721e-03 8.765e-11 2.694e-10 3.994e-11
77 TP 4 2.805e-10 1.616e-01 5.453e-03 5.887e-01 2.532e-04 1.153e-10 3.708e-10 1.631e-10 1.027e-10 6.155e-03 1.425e-09 9.558e-07 1.075e-10 3.229e-09 1.281e-10 4.075e-11 8.968e-10 2.349e-01 2.380e-10 2.927e-03 2.550e-09 1.999e-09 2.664e-05 2.099e-10 2.392e-10 1.332e-10
77 TP 5 2.758e-01 4.624e-10 8.264e-10 2.997e-10 2.370e-01 6.083e-10 1.598e-03 1.622e-10 6.737e-10 1.865e-10 3.549e-01 1.320e-02 2.198e-09 3.499e-10 5.702e-09 8.029e-10 1.701e-06 2.581e-10 3.487e-02 1.625e-09 8.796e-03 8.834e-09 5.013e-10 2.371e-09 7.381e-02 2.143e-05
77 TP 6 7.129e-04 1.655e-10 1.839e-03 3.651e-05 1.099e-09 8.624e-01 4.287e-10 6.115e-04 1.270e-01 1.809e-10 5.269e-10 5.495e-10 4.717e-03 5.163e-10 5.771e-10 1.425e-10 1.613e-03 9.099e-10 3.346e-10 8.010e-11 1.085e-09 8.495e-10 1.034e-03 3.716e-10 7.368e-10 1.659e-09
77 TP 7 2.830e-03 2.192e-10 5.943e-03 1.166e-10 1.914e-01 2.434e-10 6.302e-01 7.151e-04 1.926e-10 1.522e-10 8.540e-02 1.133e-09 6.410e-10 1.267e-10 4.440e-10 1.016e-10 1.291e-03 1.360e-10 5.051e-10 3.227e-10 1.491e-08 3.681e-03 4.521e-04 5.077e-10 7.812e-02 1.463e-10
77 TP 8 5.338e-10 7.653e-10 3.114e-02 4.013e-04 2.026e-09 2.388e-03 8.434e-03 8.283e-01 4.865e-10 9.988e-02 1.344e-09 3.098e-10 1.572e-04 1.560e-02 3.338e-10 1.368e-10 6.358e-10 2.124e-09 6.380e-10 2.279e-09 6.120e-04 1.250e-02 5.393e-04 2.369e-10 3.042e-10 3.738e-10
77 TP 9 4.395e-10 1.698e-10 3.630e-10 2.155e-10 2.762e-10 8.866e-02 2.826e-10 1.420e-10 8.352e-01 7.804e-11 2.556e-10 2.010e-10 1.100e-04 1.601e-08 4.906e-10 2.472e-10 4.729e-10 4.868e-05 3.390e-10 6.592e-11 3.225e-10 4.163e-10 8.337e-11 2.994e-10 8.117e-10 7.601e-02
77 TP 10 7.631e-11 6.973e-10 5.665e-10 6.179e-03 1.639e-10 1.528e-10 1.576e-10 1.344e-02 2.051e-10 7.797e-01 7.496e-11 7.917e-11 7.711e-11 1.987e-01 5.043e-11 2.344e-11 2.139e-10 3.053e-09 4.938e-11 4.089e-06 7.234e-10 1.336e-04 1.826e-03 4.381e-11 6.847e-11 1.985e-05
77 TP 11 1.943e-01 1.083e-10 1.570e-10 7.143e-11 8.906e-02 2.762e-10 4.554e-10 2.707e-11 2.267e-10 4.709e-11 5.048e-01 4.604e-09 2.352e-10 1.262e-10 1.377e-05 6.130e-10 2.343e-10 1.369e-10 2.118e-01 3.651e-10 5.888e-10 4.432e-10 2.919e-11 1.669e-09 8.757e-10 2.926e-10
77 TP 12 2.364e-03 4.648e-10 4.403e-10 4.756e-10 1.028e-09 6.239e-08 9.392e-10 4.197e-11 1.883e-10 7.323e-11 8.300e-10 7.772e-01 4.189e-08 2.459e-10 7.128e-10 1.900e-10 5.195e-09 6.316e-10 4.219e-10 7.001e-03 2.134e-01 1.241e-04 3.265e-11 1.467e-09 2.270e-09 8.998e-11
77 TP 13 1.136e-09 4.746e-05 3.331e-09 5.594e-09 7.186e-10 6.039e-03 6.007e-10 2.019e-10 6.332e-07 2.246e-10 5.847e-04 6.172e-04 9.846e-01 1.883e-04 7.007e-09 2.444e-10 5.278e-03 6.759e-10 4.377e-04 1.530e-10 2.017e-09 2.470e-04 9.730e-11 6.750e-09 1.390e-09 1.938e-03
77 TP 14 2.797e-10 3.587e-02 1.821e-09 1.944e-01 8.648e-10 5.757e-09 7.908e-10 1.520e-09 7.414e-10 7.309e-09 3.273e-10 6.296e-10 4.572e-10 1.838e-01 3.193e-10 1.091e-10 1.435e-09 5.677e-01 2.170e-10 9.178e-04 2.593e-09 1.565e-02 1.695e-03 2.000e-10 2.857e-10 2.938e-10
77 TP 15 1.069e-03 9.803e-10 3.723e-09 3.204e-10 2.342e-08 2.384e-09 4.522e-09 2.353e-10 1.193e-09 2.951e-10 7.285e-05 6.090e-09 2.249e-09 4.620e-10 2.335e-03 9.523e-02 2.203e-09 6.212e-10 1.367e-01 3.073e-09 2.210e-09 2.232e-09 3.170e-10 6.355e-01 1.291e-01 1.688e-09
77 TP 16 1.793e-02 9.292e-11 1.113e-10 7.830e-11 2.592e-09 1.815e-10 3.745e-10 6.026e-11 2.322e-09 6.243e-11 1.754e-01 4.244e-10 4.652e-10 9.211e-11 1.287e-09 2.185e-01 2.012e-10 8.222e-11 5.865e-01 1.149e-10 2.936e-10 2.771e-10 6.114e-11 3.101e-07 8.698e-10 1.662e-03
77 TP 17 2.056e-09 7.143e-09 5.589e-01 2.368e-09 1.895e-09 6.572e-10 4.027e-03 2.038e-03 9.300e-10 9.329e-03 1.458e-04 7.559e-02 2.249e-03 7.135e-09 6.262e-07 4.658e-10 3.339e-01 1.938e-03 5.957e-03 6.388e-08 9.116e-04 8.620e-09 1.532e-03 9.199e-09 3.513e-03 5.838e-10
77 TP 18 1.445e-10 1.768e-02 1.179e-09 1.369e-01 4.430e-10 7.304e-10 3.503e-10 4.374e-03 6.815e-05 2.322e-01 3.249e-10 1.163e-09 1.108e-10 5.965e-09 1.433e-10 3.161e-11 5.402e-10 6.077e-01 1.339e-10 1.099e-03 4.390e-07 2.076e-09 3.816e-10 1.119e-10 1.198e-10 5.370e-10
77 TP 19 5.031e-04 1.335e-10 2.342e-10 8.104e-11 5.698e-09 3.808e-04 5.252e-10 2.644e-11 4.294e-10 9.635e-11 2.692e-09 4.901e-10 6.203e-10 3.560e-10 2.447e-02 2.322e-01 3.467e-10 5.302e-05 5.253e-01 1.641e-10 3.385e-10 4.421e-10 3.052e-11 2.105e-01 6.583e-03 6.204e-10
77 TP 20 6.742e-09 2.205e-01 6.835e-10 2.198e-09 3.208e-09 1.306e-10 8.409e-10 1.305e-10 1.265e-10 5.110e-10 2.633e-06 2.337e-02 1.917e-10 1.387e-09 5.700e-04 3.903e-10 1.200e-03 8.987e-10 7.755e-09 7.485e-01 5.992e-09 5.877e-03 1.312e-10 8.574e-10 1.875e-09 1.179e-10
77 TP 21 7.195e-10 3.728e-09 2.009e-02 3.982e-10 5.926e-10 2.204e-10 6.732e-04 8.895e-11 1.116e-10 5.492e-05 6.727e-10 1.015e-01 3.976e-07 2.946e-04 3.360e-10 8.735e-11 3.250e-02 1.117e-09 2.004e-10 1.040e-09 6.838e-01 1.580e-01 1.372e-10 3.551e-10 3.031e-03 5.841e-11
77 TP 22 4.932e-10 4.392e-03 7.844e-02 1.045e-09 4.867e-03 3.160e-10 1.968e-09 2.323e-10 1.458e-10 3.838e-10 2.635e-03 4.115e-03 2.103e-03 5.977e-10 2.937e-10 7.466e-11 7.938e-02 6.129e-10 3.181e-10 2.041e-04 2.379e-01 5.860e-01 2.962e-10 2.406e-10 3.271e-08 6.094e-11
77 TP 23 1.955e-04 7.582e-10 2.410e-02 6.209e-04 1.742e-07 3.370e-03 3.027e-03 3.527e-03 5.511e-10 1.019e-02 1.914e-09 4.529e-10 2.117e-10 3.633e-09 3.180e-10 1.692e-10 4.041e-08 5.312e-09 1.186e-09 2.311e-10 1.562e-09 6.467e-09 9.548e-01 2.353e-10 3.239e-10 1.772e-04
77 TP 24 6.596e-02 3.187e-10 1.386e-09 1.473e-10 9.703e-03 3.589e-07 1.288e-01 3.506e-11 3.381e-10 1.717e-10 2.141e-01 8.407e-06 7.235e-10 3.822e-09 1.267e-01 4.050e-09 6.037e-10 6.864e-05 3.200e-09 5.768e-04 1.954e-09 5.258e-03 3.630e-11 3.486e-01 1.002e-01 2.808e-10
77 TP 25 3.622e-09 1.301e-09 2.863e-02 4.439e-10 2.436e-09 1.924e-09 8.548e-01 1.257e-04 7.742e-10 2.829e-10 1.434e-07 1.929e-09 2.910e-09 6.378e-04 6.910e-03 2.107e-07 6.950e-04 6.819e-10 1.382e-03 3.664e-08 4.637e-09 1.303e-08 2.128e-04 5.846e-09 1.062e-01 4.029e-04
77 TP 26 4.723e-10 1.289e-05 1.421e-10 1.257e-09 3.581e-10 1.138e-09 2.057e-10 1.455e-10 1.120e-01 7.304e-11 3.581e-10 1.724e-10 2.471e-03 5.118e-10 4.478e-10 1.109e-03 2.084e-10 6.887e-05 7.460e-10 1.475e-10 1.578e-10 1.678e-10 6.168e-11 3.750e-10 2.606e-10 8.843e-01
78 IP 1 8.830e-02
78 IP 2 4.583e-02
78 IP 3 3.119e-03
78 IP 4 4.018e-08
78 IP 5 5.644e-03
78 IP 6 4.248e-01
78 IP 7 2.367e-03
78 IP 8 1.347e-03
78 IP 9 1.670e-01
78 IP 10 5.375e-08
78 IP 11 1.022e-02
78 IP 12 1.031e-07
78 IP 13 1.071e-01
78 IP 14 5.384e-08
78 IP 15 3.781e-08
78 IP 16 1.070e-08
78 IP 17 2.271e-06
78 IP 18 1.905e-02
78 IP 19 2.058e-02
78 IP 20 1.385e-08
78 IP 21 5.170e-09
78 IP 22 1.577e-08
78 IP 23 1.312e-08
78 IP 24 1.137e-02
78 IP 25 1.564e-08
78 IP 26 9.323e-02
78 EP 1 1.631e-10 1.356e-02 2.532e-02 1.934e-02 1.944e-02 2.801e-02 2.981e-02 3.217e-02 3.366e-02 4.709e-02 7.848e-02 1.189e-01 1.476e-01 3.092e-01 9.739e-02
