75 IP 1 1.338e-01
75 IP 2 1.369e-06
75 IP 3 6.609e-09
75 IP 4 2.906e-02
75 IP 5 2.701e-03
75 IP 6 7.822e-08
75 IP 7 6.688e-02
75 IP 8 1.081e-07
75 IP 9 1.918e-01
75 IP 10 2.488e-03
75 IP 11 6.083e-08
75 IP 12 2.375e-08
75 IP 13 7.304e-09
75 IP 14 1.132e-01
75 IP 15 1.611e-08
75 IP 16 1.958e-02
75 IP 17 4.307e-03
75 IP 18 7.999e-03
75 IP 19 1.674e-02
75 IP 20 4.976e-03
75 IP 21 1.176e-08
75 IP 22 1.763e-02
75 IP 23 3.090e-08
75 IP 24 1.400e-02
75 IP 25 2.159e-02
75 IP 26 2.566e-01
75 IP 27 1.671e-03
75 IP 28 1.834e-07
75 IP 29 9.497e-02
75 EP 1 1.630e-03 6.416e-02 9.181e-02 8.113e-02 1.033e-01 1.109e-01 9.586e-02 8.324e-02 7.005e-02 7.178e-02 8.692e-02 8.998e-02 4.922e-02 2.251e-10 1.527e-10 2.561e-11
75 EP 2 8.614e-10 4.020e-03 1.861e-02 1.557e-02 3.387e-02 7.323e-02 6.023e-02 7.411e-02 9.743e-02 1.073e-01 2.311e-01 2.609e-01 2.355e-02 1.006e-04 6.716e-10 6.700e-10
75 EP 3 1.430e-03 3.974e-03 9.667e-03 1.025e-03 4.632e-04 1.546e-06 3.175e-08 2.755e-08 1.886e-01 3.086e-01 3.329e-01 1.231e-07 8.666e-05 1.532e-01 5.542e-09 4.846e-09
75 EP 4 1.430e-10 3.782e-09 1.296e-09 9.611e-09 1.416e-02 4.373e-02 6.855e-02 1.315e-01 8.423e-02 5.003e-02 2.061e-06 1.298e-02 2.842e-01 3.106e-01 8.873e-10 4.095e-11
75 EP 5 1.177e-05 3.426e-03 9.217e-03 1.352e-02 1.724e-02 2.222e-02 3.051e-02 3.497e-02 7.257e-02 9.071e-02 6.614e-02 8.880e-02 7.982e-02 1.939e-01 2.770e-01 2.369e-11
75 EP 6 6.093e-05 8.183e-03 3.715e-02 3.784e-02 3.524e-02 5.339e-02 5.899e-02 7.123e-02 7.024e-02 5.045e-02 9.571e-02 9.552e-02 1.311e-01 2.549e-01 1.515e-09 1.399e-11
75 EP 7 1.322e-10 7.626e-03 7.278e-02 1.001e-01 1.429e-01 1.739e-01 1.468e-01 1.163e-01 7.798e-02 5.769e-02 5.362e-02 5.020e-02 3.343e-09 2.871e-10 1.495e-11 5.076e-12
75 EP 8 6.592e-04 3.140e-02 7.891e-02 3.377e-02 2.095e-03 1.131e-02 6.668e-02 1.143e-01 1.821e-01 1.995e-01 1.793e-01 1.001e-01 2.078e-08 8.882e-10 6.553e-11 1.628e-11
75 EP 9 2.692e-01 3.306e-01 1.915e-01 8.221e-02 5.472e-02 3.250e-02 1.497e-02 1.107e-02 9.262e-03 3.475e-03 4.529e-04 3.336e-10 2.655e-10 2.611e-10 2.585e-10 2.581e-10
75 EP 10 2.962e-09 7.223e-10 2.569e-02 6.427e-02 1.110e-01 1.340e-01 1.603e-01 1.396e-01 1.258e-01 1.495e-01 8.829e-02 1.638e-03 1.289e-10 8.903e-11 8.253e-11 8.247e-11
75 EP 11 1.052e-03 4.421e-02 4.410e-02 3.052e-02 2.769e-02 4.084e-02 3.769e-02 5.413e-02 7.253e-02 7.039e-02 8.037e-02 1.113e-01 1.918e-01 1.888e-01 4.533e-03 2.440e-11
75 EP 12 9.508e-10 1.961e-02 2.829e-02 2.149e-02 2.395e-02 2.884e-02 2.409e-02 2.251e-02 4.135e-02 6.107e-02 6.300e-02 7.309e-02 8.692e-02 2.618e-01 2.440e-01 1.020e-10
75 EP 13 1.686e-04 3.022e-09 3.559e-09 1.283e-04 8.551e-02 1.135e-01 1.087e-01 7.453e-02 7.660e-02 1.087e-01 2.178e-01 2.144e-01 1.124e-08 2.686e-09 2.642e-09 2.639e-09
75 EP 14 2.503e-02 2.926e-01 3.438e-01 1.656e-01 7.510e-02 4.545e-02 2.698e-02 1.588e-02 6.643e-03 2.976e-03 1.932e-08 1.941e-10 7.749e-11 6.705e-11 6.517e-11 6.439e-11
75 EP 15 6.258e-04 9.792e-03 4.378e-02 4.453e-02 6.260e-02 7.680e-02 7.957e-02 7.578e-02 8.432e-02 9.280e-02 1.529e-01 1.922e-01 7.771e-02 6.555e-03 1.163e-10 2.012e-11
75 EP 16 3.599e-04 5.557e-03 1.337e-02 3.257e-03 6.768e-03 1.970e-02 2.992e-02 2.940e-02 4.407e-09 1.054e-02 1.576e-01 3.234e-01 1.538e-01 1.019e-01 1.445e-01 9.961e-11
75 EP 17 1.165e-10 5.515e-03 2.645e-03 6.344e-03 1.376e-02 2.092e-02 3.298e-02 4.506e-02 4.348e-02 2.589e-04 3.198e-02 5.674e-02 1.802e-01 5.086e-01 5.156e-02 3.887e-11
75 EP 18 7.497e-10 1.733e-08 1.310e-02 2.238e-02 2.615e-02 2.473e-02 2.310e-03 6.927e-03 1.583e-05 7.687e-02 9.995e-02 2.691e-01 3.920e-01 6.647e-02 7.014e-10 6.815e-10
75 EP 19 9.081e-10 5.634e-03 2.330e-02 1.805e-02 3.082e-02 3.986e-02 5.543e-02 9.570e-02 1.071e-01 1.380e-01 9.537e-02 4.974e-02 1.381e-01 1.978e-01 5.105e-03 2.383e-11
75 EP 20 3.613e-03 7.455e-02 1.814e-01 1.487e-01 1.337e-01 1.110e-01 9.090e-02 7.476e-02 6.646e-02 6.342e-02 4.436e-02 7.097e-03 2.534e-11 1.373e-11 1.012e-11 8.597e-12
75 EP 21 7.648e-10 6.465e-03 1.452e-02 1.390e-02 1.115e-02 1.458e-02 2.024e-02 4.934e-02 7.141e-02 5.589e-02 7.159e-02 7.642e-02 1.749e-01 3.970e-01 2.250e-02 7.489e-10
75 EP 22 1.209e-03 2.113e-02 9.786e-02 1.190e-01 1.438e-01 1.399e-01 1.346e-01 1.126e-01 8.499e-02 8.551e-02 5.927e-02 2.146e-05 7.139e-10 6.192e-10 6.115e-10 6.113e-10
75 EP 23 1.053e-09 1.536e-09 2.218e-03 4.308e-09 4.168e-09 2.942e-05 2.419e-02 5.285e-07 7.110e-08 2.964e-02 1.207e-01 3.439e-01 4.793e-01 1.926e-09 9.301e-11 2.152e-11
75 EP 24 1.139e-05 5.525e-03 1.580e-02 1.418e-02 1.519e-02 1.994e-02 1.919e-02 2.086e-02 3.173e-02 6.423e-02 5.784e-02 5.280e-02 8.112e-02 1.789e-01 4.227e-01 2.992e-05
75 EP 25 8.201e-03 9.092e-02 2.691e-01 2.372e-01 1.657e-01 1.085e-01 6.491e-02 3.435e-02 2.128e-02 2.591e-09 2.528e-10 5.929e-10 1.366e-10 1.109e-10 1.097e-10 1.097e-10
75 EP 26 2.430e-03 1.224e-01 3.362e-01 2.439e-01 1.587e-01 6.202e-02 2.024e-02 1.379e-02 1.416e-02 1.194e-02 1.420e-02 9.105e-10 1.870e-10 1.836e-10 2.951e-11 1.913e-11
75 EP 27 1.377e-09 2.339e-02 4.431e-02 3.173e-02 3.402e-02 9.817e-02 2.192e-01 2.411e-01 1.621e-01 3.326e-02 1.915e-05 2.950e-07 1.127e-01 2.021e-08 1.303e-09 1.274e-09
75 EP 28 1.724e-09 1.999e-02 1.773e-02 2.804e-02 3.079e-02 3.619e-02 4.921e-02 9.396e-02 3.164e-01 2.843e-01 7.799e-02 1.199e-08 1.202e-02 3.343e-02 2.248e-07 4.119e-10
75 EP 29 2.213e-04 1.794e-02 7.194e-02 6.408e-02 7.059e-02 8.162e-02 8.492e-02 8.994e-02 9.219e-02 1.228e-01 1.095e-01 9.959e-02 9.162e-02 3.005e-03 7.458e-10 2.850e-11
75 TP 1 8.670e-01 8.023e-11 1.048e-10 1.144e-09 2.441e-10 6.880e-10 7.149e-10 8.742e-10 9.768e-04 8.682e-11 1.269e-01 3.008e-09 3.193e-08 3.514e-03 8.539e-10 3.468e-09 7.642e-04 5.556e-05 4.083e-10 1.721e-09 1.318e-10 8.586e-11 5.152e-04 2.820e-10 1.387e-10 7.171e-10 7.705e-05 2.711e-10 2.281e-04
75 TP 2 9.976e-04 3.883e-01 1.241e-03 1.129e-06 1.985e-09 4.401e-09 2.607e-08 4.807e-05 2.427e-03 3.054e-01 2.398e-09 9.932e-10 3.204e-09 1.136e-04 5.089e-09 1.337e-09 1.595e-09 4.876e-02 5.940e-09 4.818e-09 1.842e-07 1.687e-01 2.548e-08 9.789e-10 1.987e-02 2.391e-03 6.183e-02 9.924e-10 1.340e-09
75 TP 3 2.832e-08 4.103e-06 3.299e-01 7.087e-08 1.000e-05 6.085e-08 7.353e-08 3.519e-02 2.420e-08 2.288e-08 3.200e-04 1.236e-08 1.446e-07 3.112e-04 3.370e-08 6.346e-08 1.253e-07 8.443e-08 4.812e-08 1.532e-08 1.447e-01 1.644e-08 4.463e-08 1.250e-08 9.040e-09 3.269e-08 4.896e-01 2.389e-08 9.945e-07
75 TP 4 2.755e-09 1.256e-10 1.897e-10 1.770e-01 9.736e-02 7.035e-01 8.397e-07 2.721e-09 9.669e-11 1.168e-10 1.643e-09 1.124e-09 2.346e-10 1.232e-10 6.489e-10 8.511e-10 4.616e-03 3.482e-10 2.602e-09 2.661e-10 3.115e-10 1.217e-10 1.363e-02 2.748e-03 9.617e-11 1.093e-09 3.145e-08 1.138e-03 7.272e-10
75 TP 5 6.101e-10 3.501e-11 4.505e-11 3.649e-09 7.034e-01 2.779e-01 2.201e-09 1.262e-09 4.580e-11 3.635e-11 1.010e-09 3.980e-10 4.002e-11 8.350e-11 4.522e-10 7.988e-10 7.223e-10 8.987e-11 1.872e-02 3.025e-10 1.604e-05 3.434e-11 2.599e-08 8.418e-10 2.094e-06 7.821e-10 4.668e-11 5.346e-10 1.683e-09
75 TP 6 3.760e-10 5.205e-11 1.064e-10 2.437e-09 1.300e-01 5.820e-01 2.425e-09 8.039e-09 3.920e-11 4.001e-11 4.203e-10 2.767e-10 6.275e-11 8.631e-11 1.013e-09 4.687e-10 6.030e-10 2.706e-10 1.599e-01 3.159e-10 1.641e-10 3.401e-11 1.281e-01 6.459e-10 2.381e-11 4.456e-10 6.426e-11 3.469e-10 3.971e-10
75 TP 7 1.279e-10 6.635e-09 1.018e-10 6.152e-02 6.603e-10 8.109e-10 6.298e-01 1.185e-01 1.010e-04 6.386e-11 1.472e-10 7.888e-11 2.991e-10 2.260e-10 3.129e-10 1.794e-10 2.304e-10 4.281e-11 4.215e-10 4.980e-10 2.012e-11 2.182e-09 1.157e-01 8.271e-11 1.310e-10 7.439e-02 5.359e-11 1.289e-10 1.191e-10
75 TP 8 9.337e-10 6.134e-05 5.400e-10 1.218e-01 1.331e-02 1.487e-08 2.913e-01 4.235e-01 3.986e-10 1.713e-10 1.915e-09 1.766e-09 1.641e-10 3.700e-03 7.142e-10 5.651e-10 3.270e-10 3.505e-10 4.141e-09 8.551e-03 1.182e-10 2.141e-10 5.847e-02 1.811e-10 2.057e-10 7.894e-02 2.910e-04 3.270e-10 4.124e-10
75 TP 9 1.327e-02 7.648e-10 7.618e-10 7.233e-10 5.716e-10 1.349e-09 1.414e-07 2.936e-03 9.075e-01 1.607e-02 9.849e-10 4.376e-10 1.195e-03 3.883e-03 4.542e-09 6.626e-10 4.344e-10 3.074e-10 1.588e-09 2.791e-02 3.048e-10 2.199e-03 5.917e-04 3.485e-10 1.492e-02 5.727e-09 4.481e-10 4.977e-10 9.488e-03
75 TP 10 1.893e-05 3.444e-02 2.309e-10 1.569e-04 2.187e-10 9.098e-10 6.419e-09 1.184e-08 4.796e-03 7.559e-01 3.414e-10 1.580e-10 4.471e-05 2.896e-04 3.225e-09 3.032e-10 1.221e-09 7.555e-07 1.390e-09 3.273e-09 2.013e-10 3.136e-09 3.127e-09 1.974e-10 2.013e-01 4.871e-09 3.033e-03 1.793e-10 8.688e-10
75 TP 11 1.184e-01 4.761e-08 9.898e-05 1.415e-09 4.421e-09 1.298e-09 7.737e-10 1.394e-09 9.740e-11 1.839e-09 8.018e-01 7.620e-02 2.366e-10 3.467e-10 1.656e-03 5.944e-10 6.671e-09 1.575e-10 8.960e-10 1.902e-03 1.182e-10 7.194e-11 1.142e-08 3.496e-09 4.054e-07 8.393e-10 1.320e-10 4.416e-10 8.092e-10
75 TP 12 2.872e-08 9.302e-11 9.272e-11 2.562e-05 1.228e-03 7.445e-09 1.968e-08 1.396e-09 9.071e-11 8.751e-11 1.638e-01 8.337e-01 1.188e-10 2.156e-10 8.012e-10 9.388e-10 1.686e-08 8.544e-11 4.874e-09 5.900e-10 1.361e-10 2.208e-05 7.375e-10 1.581e-09 1.071e-10 1.193e-03 1.100e-10 7.228e-10 1.165e-09
75 TP 13 3.546e-08 4.496e-01 1.198e-08 1.505e-02 4.609e-09 1.126e-08 8.801e-08 6.985e-07 4.433e-09 4.347e-08 2.609e-03 3.453e-09 3.792e-01 8.181e-09 9.103e-09 6.201e-07 2.095e-04 1.491e-01 1.006e-08 7.138e-09 4.096e-03 1.264e-08 8.669e-05 3.199e-09 6.187e-09 7.708e-08 3.156e-08 3.305e-09 4.341e-09
75 TP 14 8.198e-03 2.554e-10 1.921e-10 6.601e-10 1.547e-10 5.742e-10 7.358e-03 1.128e-07 1.601e-03 6.142e-10 6.156e-10 1.867e-10 2.255e-09 8.854e-01 1.661e-09 5.415e-10 2.434e-10 1.550e-10 3.231e-10 8.636e-02 9.232e-11 3.034e-04 3.788e-10 1.527e-10 2.549e-03 4.082e-03 1.508e-10 1.861e-10 4.125e-03
75 TP 15 2.540e-09 1.145e-10 1.397e-10 9.538e-03 1.910e-10 7.739e-10 1.945e-09 1.504e-09 6.273e-04 3.550e-10 2.062e-03 3.831e-04 7.669e-11 1.592e-03 8.044e-01 1.739e-10 5.072e-10 1.046e-06 5.656e-10 1.669e-01 1.005e-09 1.045e-10 1.279e-03 9.886e-10 2.901e-10 1.328e-02 1.529e-10 2.024e-10 2.174e-10
75 TP 16 1.473e-09 1.292e-10 3.426e-04 8.500e-10 1.322e-09 1.102e-09 1.332e-09 1.641e-09 1.741e-10 7.158e-06 8.550e-10 8.781e-10 1.157e-10 4.050e-10 8.442e-10 4.465e-01 4.764e-04 1.508e-10 1.588e-09 5.145e-10 5.333e-10 9.327e-11 7.979e-10 3.725e-03 1.464e-10 3.594e-09 1.574e-10 4.106e-01 1.384e-01
75 TP 17 5.501e-10 2.482e-07 6.324e-10 1.245e-09 2.102e-09 3.627e-09 9.454e-08 6.420e-10 1.236e-05 3.612e-05 6.016e-10 9.411e-10 3.124e-10 1.367e-10 2.233e-04 1.117e-01 4.503e-01 2.346e-04 4.062e-04 1.801e-04 2.048e-06 4.269e-11 4.126e-03 1.443e-01 4.258e-11 9.122e-05 8.751e-11 4.194e-02 2.464e-01
75 TP 18 7.283e-07 1.020e-01 8.665e-02 1.517e-08 1.699e-05 8.391e-09 1.086e-08 6.546e-08 8.296e-10 4.568e-07 1.673e-04 1.260e-09 4.306e-06 1.056e-09 6.255e-09 4.173e-09 8.458e-09 5.117e-01 7.491e-09 2.238e-09 6.150e-02 9.874e-03 8.628e-09 2.223e-09 7.548e-09 2.824e-09 2.216e-01 1.298e-09 6.484e-03
75 TP 19 5.999e-10 2.058e-10 2.861e-10 3.072e-09 6.486e-05 1.784e-08 3.511e-01 5.187e-02 6.901e-11 1.890e-10 7.227e-10 5.160e-10 1.412e-10 4.814e-10 2.422e-05 9.795e-10 6.452e-10 2.800e-10 5.768e-01 2.400e-09 1.575e-10 1.303e-10 3.403e-04 4.657e-10 7.108e-11 1.974e-02 5.845e-09 5.044e-10 1.670e-09
75 TP 20 4.069e-04 6.039e-11 2.990e-11 1.860e-10 3.532e-11 1.174e-10 1.493e-03 6.221e-08 2.600e-04 1.926e-10 4.099e-10 1.058e-10 4.539e-11 1.020e-02 7.852e-02 4.257e-05 7.112e-11 3.439e-11 1.061e-10 9.083e-01 1.802e-11 4.697e-11 2.768e-10 3.885e-06 1.164e-04 4.372e-04 3.544e-11 1.801e-10 2.417e-04
75 TP 21 3.426e-09 5.435e-03 6.971e-07 2.277e-07 5.828e-03 1.020e-05 6.136e-08 1.138e-08 8.321e-10 1.388e-09 5.306e-03 1.468e-06 2.688e-04 1.322e-09 2.743e-03 8.105e-09 1.585e-02 1.068e-01 2.139e-08 8.765e-04 8.320e-01 5.242e-04 1.610e-08 8.154e-09 9.168e-10 3.029e-09 2.444e-02 3.141e-09 1.221e-06
75 TP 22 2.547e-09 3.120e-02 1.166e-09 1.806e-09 7.903e-10 1.352e-09 1.078e-08 1.139e-07 2.643e-03 4.017e-09 1.242e-09 7.016e-10 1.248e-01 6.706e-04 1.498e-09 8.298e-10 8.478e-10 3.077e-09 1.412e-09 1.335e-09 9.490e-10 8.272e-01 1.485e-08 6.675e-10 2.452e-09 6.185e-03 7.269e-03 6.927e-10 1.009e-09
75 TP 23 3.391e-09 1.305e-10 4.823e-07 3.836e-07 1.730e-09 2.073e-02 3.669e-01 2.125e-01 7.659e-11 2.175e-10 1.134e-03 8.314e-10 1.906e-10 4.791e-10 1.103e-02 3.692e-04 3.672e-09 3.062e-04 1.188e-01 2.279e-03 4.472e-04 8.234e-09 2.223e-01 8.215e-10 1.804e-09 4.310e-02 1.206e-09 4.050e-10 5.514e-10
75 TP 24 8.204e-05 2.001e-11 3.185e-11 1.578e-09 4.879e-10 2.997e-04 6.861e-04 3.105e-10 2.167e-11 2.162e-11 2.219e-08 4.744e-04 1.810e-11 3.070e-11 1.330e-10 5.422e-02 1.283e-01 3.603e-11 1.027e-09 5.226e-11 2.742e-10 1.657e-11 3.156e-08 8.159e-01 1.736e-11 4.452e-05 2.239e-11 6.555e-08 2.474e-09
75 TP 25 1.515e-09 1.224e-09 2.684e-10 2.808e-10 1.605e-10 3.148e-10 4.630e-09 1.579e-09 8.452e-03 2.686e-01 2.691e-10 1.429e-10 2.835e-03 3.332e-03 3.439e-09 1.853e-10 1.635e-10 3.211e-08 5.273e-10 1.232e-07 1.439e-10 8.079e-10 7.321e-10 2.127e-10 7.168e-01 5.008e-09 3.669e-10 1.820e-10 5.551e-10
75 TP 26 4.113e-10 1.770e-10 1.303e-10 6.704e-10 2.407e-10 5.179e-10 4.389e-01 2.439e-06 2.224e-10 1.805e-10 2.684e-10 1.521e-10 4.269e-10 6.439e-10 1.533e-09 2.483e-10 6.619e-10 7.548e-11 3.358e-10 4.492e-03 9.609e-11 5.618e-06 1.505e-09 8.555e-11 1.284e-06 5.564e-01 5.400e-11 1.946e-04 4.934e-10
75 TP 27 9.002e-09 1.451e-01 5.826e-07 1.577e-02 1.402e-03 1.139e-08 1.755e-08 6.045e-08 2.565e-09 1.075e-04 8.053e-09 2.467e-09 3.726e-06 3.095e-09 5.584e-09 3.337e-09 8.488e-09 5.245e-01 1.283e-08 4.838e-09 1.048e-01 6.097e-05 8.624e-04 2.400e-09 4.605e-09 6.249e-09 2.074e-01 2.436e-09 5.144e-09
75 TP 28 2.882e-09 2.195e-10 2.348e-08 8.064e-05 2.982e-07 9.670e-09 2.100e-09 5.626e-09 7.839e-10 4.156e-10 2.747e-09 3.460e-09 2.401e-10 4.023e-10 1.854e-09 3.884e-02 2.033e-01 2.960e-05 4.948e-06 1.066e-09 1.127e-03 1.675e-10 3.582e-07 7.566e-01 2.065e-10 9.444e-10 2.342e-10 1.878e-08 6.881e-06
75 TP 29 1.512e-09 5.462e-11 7.448e-11 1.079e-07 1.024e-09 1.243e-09 9.000e-10 1.444e-09 9.591e-04 7.588e-08 4.072e-10 3.395e-10 5.298e-11 2.150e-03 6.532e-10 1.790e-03 2.839e-01 5.835e-11 6.854e-10 1.807e-05 1.246e-10 5.493e-11 3.204e-09 2.734e-09 1.400e-10 1.391e-09 5.526e-11 2.387e-02 6.873e-01
76 IP 1 1.787e-08
76 IP 2 4.337e-02
76 IP 3 4.680e-02
76 IP 4 3.162e-02
76 IP 5 3.478e-02
76 IP 6 1.676e-02
76 IP 7 4.236e-02
76 IP 8 1.799e-03
76 IP 9 1.673e-08
76 IP 10 5.129e-07
76 IP 11 1.587e-08
76 IP 12 2.981e-08
76 IP 13 3.266e-02
76 IP 14 1.193e-02
76 IP 15 5.236e-08
76 IP 16 2.967e-02
76 IP 17 8.046e-08
76 IP 18 1.771e-08
76 IP 19 5.066e-03
76 IP 20 1.739e-01
76 IP 21 5.775e-03
76 IP 22 9.917e-02
76 IP 23 9.664e-09
76 IP 24 9.329e-09
76 IP 25 2.647e-02
76 IP 26 6.496e-09
76 IP 27 8.874e-02
76 IP 28 1.810e-08
76 IP 29 2.481e-08
76 IP 30 8.822e-09
76 IP 31 6.894e-08
76 IP 32 5.020e-03
76 IP 33 3.631e-08
76 IP 34 2.638e-08
76 IP 35 3.041e-01
76 IP 36 1.627e-08
76 IP 37 1.133e-08
76 EP 1 7.156e-09 2.116e-02 4.279e-02 2.114e-02 2.594e-02 1.757e-02 1.640e-08 5.761e-02 1.060e-01 1.429e-01 2.906e-01 2.742e-01 1.791e-09 3.346e-10 1.182e-10 3.779e-11
76 EP 2 8.427e-05 5.398e-03 1.290e-02 1.242e-02 1.465e-02 1.848e-02 1.982e-02 2.285e-02 3.497e-02 6.445e-02 5.397e-02 5.439e-02 7.879e-02 1.984e-01 4.084e-01 4.807e-05
76 EP 3 3.312e-11 6.464e-03 1.322e-02 1.454e-02 1.907e-02 2.518e-02 2.442e-02 2.467e-02 4.753e-02 7.429e-02 6.038e-02 6.709e-02 8.540e-02 2.037e-01 3.340e-01 1.627e-05
76 EP 4 3.676e-03 1.011e-01 2.994e-01 2.547e-01 1.841e-01 1.033e-01 4.838e-02 5.271e-03 1.036e-04 1.821e-09 3.703e-10 3.793e-10 8.786e-11 5.101e-11 2.836e-11 2.228e-11
76 EP 5 4.771e-04 1.306e-08 2.368e-05 2.488e-09 3.495e-06 2.147e-02 7.074e-02 1.127e-01 1.192e-01 1.050e-01 1.015e-01 1.564e-01 2.630e-01 4.946e-02 5.280e-10 4.909e-11
76 EP 6 5.646e-04 3.193e-03 7.465e-03 1.199e-02 1.176e-02 2.533e-02 3.234e-02 3.880e-02 2.294e-09 6.074e-08 2.168e-01 4.594e-01 1.584e-01 9.436e-03 2.449e-02 2.229e-10
76 EP 7 1.090e-04 2.542e-02 2.834e-02 7.789e-03 3.964e-03 6.275e-02 1.554e-01 3.042e-01 1.320e-01 9.229e-09 4.065e-09 7.019e-02 2.099e-01 1.947e-08 2.430e-09 1.142e-10
76 EP 8 3.795e-03 8.014e-09 9.407e-03 7.851e-02 2.034e-01 1.395e-01 1.419e-01 1.158e-01 1.299e-01 1.348e-01 4.302e-02 7.603e-08 5.858e-09 6.301e-09 5.464e-09 5.458e-09
76 EP 9 2.741e-04 9.385e-03 5.513e-02 3.164e-02 1.347e-02 3.231e-02 3.563e-02 4.767e-02 1.568e-01 3.070e-01 2.865e-01 4.654e-09 1.912e-03 2.227e-02 9.590e-10 7.275e-11
76 EP 10 1.469e-10 1.364e-02 1.573e-02 1.211e-02 1.589e-03 1.020e-02 1.159e-02 1.881e-02 2.501e-02 3.042e-02 4.711e-02 5.165e-02 2.251e-01 5.370e-01 1.406e-09 4.450e-11
76 EP 11 1.762e-04 4.106e-03 2.192e-02 2.661e-02 3.175e-02 3.689e-02 2.320e-02 1.178e-02 4.246e-02 7.807e-02 1.128e-01 1.079e-01 1.513e-01 3.489e-01 2.208e-03 3.214e-11
76 EP 12 2.130e-10 2.372e-03 6.623e-03 7.981e-03 9.925e-03 1.541e-02 2.162e-02 2.815e-02 7.457e-02 6.243e-02 4.547e-02 6.592e-02 9.909e-02 3.527e-01 2.077e-01 9.699e-11
76 EP 13 9.230e-05 2.175e-09 3.775e-02 6.911e-02 1.144e-01 1.383e-01 1.491e-01 1.544e-01 1.306e-01 1.275e-01 7.881e-02 5.517e-10 8.218e-11 3.248e-11 1.738e-11 9.331e-12
76 EP 14 1.123e-03 7.979e-03 5.127e-02 7.865e-02 1.192e-01 1.329e-01 1.070e-01 7.783e-02 7.781e-02 8.745e-02 1.198e-01 1.227e-01 1.621e-02 9.847e-11 4.575e-11 2.967e-11
76 EP 15 4.026e-04 1.659e-02 4.895e-02 3.446e-02 2.636e-02 4.245e-02 5.311e-02 7.254e-02 6.239e-02 5.547e-02 5.551e-02 1.211e-01 2.987e-01 1.118e-01 1.895e-04 6.777e-11
76 EP 16 1.673e-10 1.120e-05 3.677e-02 4.545e-02 8.404e-02 1.199e-01 1.595e-01 1.694e-01 1.267e-01 7.714e-02 3.863e-02 6.439e-02 7.814e-02 4.311e-10 6.326e-11 1.318e-11
76 EP 17 4.461e-10 1.802e-02 2.116e-02 2.943e-02 1.946e-02 2.773e-02 7.046e-02 2.774e-01 3.595e-01 1.545e-01 1.657e-02 4.980e-09 5.765e-03 3.508e-07 2.459e-09 1.418e-10
76 EP 18 7.142e-03 7.580e-02 2.271e-01 2.263e-01 1.646e-01 1.241e-01 7.653e-02 4.896e-02 3.389e-02 1.562e-02 7.520e-10 3.458e-10 3.537e-10 2.833e-10 2.740e-10 2.727e-10
76 EP 19 1.035e-03 6.117e-02 6.393e-02 3.283e-02 3.324e-02 4.254e-02 3.675e-02 4.015e-02 5.094e-02 6.277e-02 7.277e-02 9.395e-02 1.534e-01 2.035e-01 5.097e-02 6.519e-11
76 EP 20 1.716e-03 6.968e-02 2.106e-01 1.719e-01 1.545e-01 1.227e-01 7.411e-02 3.691e-02 3.029e-02 3.639e-02 4.888e-02 4.238e-02 5.623e-10 1.454e-10 3.413e-11 1.204e-11
76 EP 21 4.348e-03 2.006e-01 3.658e-01 2.010e-01 9.493e-02 4.659e-02 3.517e-02 2.198e-02 1.334e-02 9.438e-03 5.653e-03 9.216e-04 1.659e-04 1.005e-10 1.006e-10 9.845e-11
76 EP 22 4.202e-04 2.043e-02 7.458e-02 6.857e-02 7.807e-02 8.291e-02 8.852e-02 1.004e-01 9.202e-02 1.223e-01 1.024e-01 8.193e-02 8.740e-02 6.076e-09 4.986e-10 4.276e-11
76 EP 23 6.332e-05 8.229e-03 4.284e-02 5.575e-02 9.810e-02 1.158e-01 1.385e-01 1.307e-01 1.193e-01 1.604e-01 1.049e-01 2.378e-02 1.320e-03 3.118e-04 5.215e-09 5.187e-09
76 EP 24 5.789e-10 1.024e-02 2.354e-02 2.806e-02 2.073e-02 3.320e-02 3.092e-02 1.088e-01 3.244e-01 3.218e-01 7.665e-02 1.257e-04 8.612e-09 2.151e-02 1.946e-08 2.788e-10
76 EP 25 1.018e-09 1.854e-07 3.258e-02 2.519e-02 3.220e-02 8.500e-02 8.905e-02 9.967e-02 9.336e-02 1.277e-01 1.937e-01 1.938e-01 2.768e-02 1.987e-10 9.915e-11 7.058e-11
76 EP 26 1.412e-09 8.089e-04 1.618e-02 1.366e-02 1.854e-02 4.767e-02 6.238e-02 5.629e-02 9.427e-02 1.033e-01 1.846e-01 2.414e-01 9.455e-02 3.174e-02 3.467e-02 1.409e-09
76 EP 27 4.347e-03 1.086e-01 2.401e-01 1.774e-01 1.388e-01 9.521e-02 6.832e-02 5.938e-02 4.923e-02 3.806e-02 2.054e-02 3.526e-10 1.502e-10 2.653e-11 1.598e-11 1.396e-11
76 EP 28 4.222e-10 6.981e-06 3.253e-05 1.544e-07 7.607e-03 1.411e-02 3.636e-02 1.732e-07 2.418e-08 4.515e-03 6.937e-09 1.717e-01 7.657e-01 5.445e-07 1.067e-09 1.336e-10
76 EP 29 4.166e-10 1.835e-02 5.960e-02 5.687e-02 6.700e-02 8.465e-02 8.703e-02 8.635e-02 8.249e-02 9.663e-02 1.037e-01 1.073e-01 1.501e-01 2.126e-08 6.416e-10 2.501e-11
76 EP 30 1.204e-04 6.251e-03 1.125e-02 2.036e-02 3.117e-02 3.445e-02 5.573e-02 3.593e-02 2.343e-09 6.584e-04 2.020e-01 4.405e-01 9.778e-02 1.806e-02 4.571e-02 1.354e-10
76 EP 31 1.303e-10 1.182e-02 2.081e-02 1.755e-02 1.766e-02 3.347e-02 4.186e-02 4.673e-02 4.638e-02 2.614e-02 5.431e-02 8.229e-02 1.751e-01 3.778e-01 4.817e-02 2.854e-11
76 EP 32 2.267e-04 1.292e-03 2.064e-02 1.764e-02 6.209e-03 6.863e-03 1.527e-02 3.755e-02 4.315e-02 3.124e-03 7.393e-03 7.132e-03 1.095e-01 6.899e-01 3.409e-02 3.539e-11
76 EP 33 8.916e-08 1.929e-02 6.355e-02 1.442e-02 7.666e-07 4.488e-08 5.429e-02 1.801e-01 1.933e-01 1.845e-01 1.771e-06 1.688e-04 2.904e-01 2.057e-09 1.922e-10 2.980e-11
76 EP 34 2.398e-04 1.170e-08 1.691e-02 5.047e-02 9.579e-02 1.642e-01 1.453e-01 1.761e-02 7.859e-04 8.723e-04 1.847e-01 3.230e-01 3.201e-09 3.583e-10 8.978e-11 2.180e-11
76 EP 35 1.785e-01 3.851e-01 2.451e-01 9.282e-02 5.089e-02 2.826e-02 1.299e-02 4.543e-03 1.379e-03 3.664e-04 3.173e-10 2.432e-10 1.914e-10 1.635e-10 1.588e-10 1.576e-10
76 EP 36 3.653e-10 3.095e-08 3.875e-09 8.151e-09 7.682e-03 5.690e-02 2.362e-02 3.730e-09 6.627e-09 2.380e-02 1.452e-01 3.510e-01 3.918e-01 8.287e-10 1.710e-10 5.377e-11
76 EP 37 2.005e-09 2.614e-03 2.522e-02 6.063e-02 9.310e-02 3.934e-01 1.889e-01 1.567e-01 2.871e-02 2.810e-09 2.169e-02 2.901e-02 2.295e-09 3.501e-09 2.110e-09 1.870e-09
76 TP 1 3.782e-01 1.088e-04 5.425e-10 7.966e-02 1.273e-09 3.631e-10 1.776e-02 3.625e-10 4.225e-10 6.045e-09 6.160e-06 6.173e-10 4.533e-01 7.869e-10 7.964e-09 1.112e-09 1.082e-09 2.042e-10 2.311e-10 1.124e-03 3.515e-10 8.286e-09 2.511e-10 3.558e-09 1.606e-09 6.595e-10 1.665e-09 5.533e-09 7.786e-10 3.288e-10 8.722e-10 5.956e-09 6.957e-02 3.493e-08 2.788e-04 6.372e-10 1.774e-10
76 TP 2 5.186e-11 8.468e-01 6.815e-10 4.539e-11 4.312e-09 3.649e-02 1.084e-10 1.832e-11 4.535e-10 8.503e-10 1.947e-10 7.748e-09 4.336e-11 1.790e-10 2.113e-10 2.452e-04 7.784e-10 2.040e-11 1.509e-03 9.599e-10 2.416e-11 1.211e-09 1.684e-11 5.043e-05 2.130e-10 1.884e-11 1.933e-10 8.323e-11 3.956e-10 2.535e-10 1.149e-01 4.866e-09 5.607e-11 5.522e-11 2.838e-11 2.760e-10 2.691e-11
76 TP 3 1.353e-10 1.119e-09 7.788e-01 1.178e-10 5.448e-10 1.117e-09 2.075e-10 2.041e-11 5.648e-10 5.231e-08 2.365e-10 3.239e-10 1.083e-10 2.251e-10 3.047e-10 2.850e-03 8.567e-03 2.021e-11 2.922e-03 2.551e-08 6.554e-11 4.934e-10 1.763e-11 9.841e-04 1.305e-10 3.068e-11 3.234e-10 2.794e-10 7.095e-02 4.215e-02 2.795e-09 9.275e-02 1.569e-10 1.868e-10 2.925e-11 3.584e-05 2.856e-11
76 TP 4 2.464e-09 1.753e-10 1.130e-10 5.371e-01 2.696e-10 3.517e-10 5.428e-10 1.655e-10 4.931e-05 2.665e-10 4.531e-10 2.149e-10 4.280e-01 7.674e-09 1.631e-09 2.442e-08 1.018e-10 1.077e-06 6.592e-11 8.030e-10 3.509e-10 1.150e-10 6.973e-11 7.948e-11 5.397e-10 1.077e-10 2.915e-08 6.309e-09 5.510e-10 8.208e-10 1.399e-10 7.754e-11 1.750e-09 3.213e-02 2.493e-03 1.065e-09 1.845e-04
76 TP 5 1.275e-09 1.065e-09 3.746e-09 1.314e-04 3.220e-01 7.555e-10 1.706e-09 6.823e-11 3.756e-06 3.445e-09 1.933e-09 1.833e-09 1.496e-08 1.752e-09 1.085e-09 1.729e-05 1.462e-08 7.404e-11 2.378e-09 6.237e-01 1.418e-07 1.044e-09 5.494e-11 7.060e-10 2.025e-02 5.870e-11 2.491e-02 1.152e-09 5.689e-09 2.016e-08 1.639e-09 8.978e-03 2.418e-09 1.030e-09 1.363e-09 1.533e-09 1.781e-10
76 TP 6 6.187e-10 1.387e-05 2.491e-09 4.754e-10 1.846e-09 3.406e-01 1.736e-09 1.889e-10 4.130e-08 1.828e-09 1.302e-09 2.229e-09 5.129e-10 1.253e-09 1.161e-09 5.340e-09 2.711e-09 2.588e-10 2.295e-08 3.690e-09 3.199e-10 1.060e-01 1.808e-10 5.533e-01 1.330e-09 7.247e-06 3.580e-09 1.029e-09 1.918e-09 1.913e-09 4.682e-08 2.635e-09 1.036e-09 6.639e-10 3.225e-10 1.035e-09 2.129e-10
76 TP 7 1.911e-02 3.537e-05 1.068e-09 2.198e-09 5.525e-03 8.559e-10 4.258e-06 7.163e-10 1.132e-08 2.639e-04 6.705e-01 4.682e-02 7.947e-08 4.694e-08 4.773e-09 6.574e-09 1.575e-09 2.222e-10 6.631e-10 2.410e-09 4.687e-10 4.868e-09 3.004e-10 1.751e-09 3.202e-09 1.002e-09 1.672e-09 2.239e-01 2.193e-09 5.292e-08 8.908e-08 1.279e-03 3.253e-02 1.063e-08 3.452e-10 7.010e-09 4.982e-10
76 TP 8 6.216e-08 7.582e-09 8.978e-09 8.005e-08 1.059e-08 2.102e-08 1.375e-08 4.471e-07 1.059e-08 9.528e-09 1.114e-08 1.026e-08 3.838e-01 2.539e-07 2.179e-08 1.443e-08 1.112e-08 7.265e-08 7.371e-09 1.312e-08 4.973e-07 2.989e-08 4.764e-01 2.701e-03 5.040e-08 9.140e-04 4.774e-02 1.152e-08 1.017e-08 1.331e-08 1.203e-08 8.827e-09 1.542e-08 8.028e-02 8.727e-08 9.570e-09 8.187e-03
76 TP 9 1.453e-09 1.942e-09 6.258e-09 8.493e-10 5.625e-09 1.079e-06 4.472e-03 9.927e-11 4.020e-01 2.059e-05 3.480e-09 1.252e-09 1.327e-09 1.230e-09 1.463e-09 4.201e-01 1.392e-01 1.070e-10 3.934e-08 4.897e-09 1.213e-09 1.673e-09 8.206e-11 1.977e-09 1.320e-09 1.015e-10 1.246e-09 1.563e-09 1.811e-08 3.263e-02 1.505e-09 7.655e-09 3.465e-09 9.347e-10 1.544e-03 2.245e-09 5.673e-10
76 TP 10 5.351e-10 1.920e-03 1.534e-01 1.602e-10 6.794e-10 7.532e-10 3.951e-03 5.404e-11 3.543e-02 3.654e-01 3.571e-09 1.670e-03 3.569e-10 5.904e-10 1.306e-09 3.612e-09 5.171e-02 5.313e-11 1.905e-09 9.079e-10 9.556e-11 4.048e-10 4.722e-11 2.538e-09 2.256e-10 5.303e-11 2.270e-10 1.756e-05 3.252e-01 5.643e-02 8.560e-10 3.437e-03 1.049e-09 5.447e-10 7.043e-11 1.409e-03 7.201e-11
76 TP 11 7.563e-03 6.510e-10 4.343e-10 7.633e-04 1.189e-09 3.812e-10 1.685e-01 7.447e-11 1.728e-09 1.368e-09 5.531e-01 5.409e-02 1.792e-03 4.507e-09 2.514e-07 1.181e-03 9.333e-10 8.593e-11 2.275e-10 8.881e-10 1.093e-10 2.465e-06 5.435e-11 4.156e-10 3.787e-08 4.318e-09 1.466e-09 3.326e-02 2.674e-09 1.408e-09 1.813e-03 3.981e-08 1.059e-01 7.203e-02 8.839e-11 2.322e-09 8.792e-11
76 TP 12 3.929e-03 1.138e-09 1.229e-09 4.337e-08 1.723e-09 1.992e-03 3.636e-02 1.539e-10 1.673e-06 4.494e-09 1.757e-01 7.638e-01 4.575e-09 8.947e-04 3.875e-09 1.899e-09 1.981e-09 1.451e-04 9.668e-10 8.444e-10 4.124e-10 1.564e-04 1.323e-10 8.727e-10 1.003e-07 7.972e-09 5.800e-09 1.609e-03 3.296e-09 3.363e-09 7.122e-09 8.001e-03 3.377e-09 2.367e-03 2.297e-10 5.073e-03 1.863e-10
76 TP 13 7.962e-02 3.386e-06 9.821e-11 1.701e-01 1.473e-10 1.283e-10 5.694e-03 5.902e-11 1.972e-10 4.204e-07 8.789e-10 9.224e-10 6.390e-01 2.985e-10 2.949e-10 2.893e-10 1.280e-10 6.639e-04 3.637e-11 7.788e-10 1.128e-10 8.162e-11 4.639e-11 6.724e-11 2.878e-10 1.397e-10 1.110e-04 1.011e-03 2.210e-10 5.855e-10 5.310e-11 1.042e-10 1.379e-02 8.883e-02 1.215e-03 1.920e-10 5.290e-11
76 TP 14 6.496e-10 1.723e-04 8.405e-09 4.898e-10 1.552e-09 2.382e-09 1.795e-09 1.090e-10 7.280e-10 1.028e-04 8.791e-10 3.422e-10 4.379e-10 5.974e-01 1.100e-01 3.339e-09 6.585e-10 2.220e-09 2.220e-09 3.555e-09 1.997e-09 5.564e-10 8.810e-11 3.521e-10 2.680e-01 3.299e-11 8.929e-09 1.831e-09 1.468e-09 3.761e-10 5.486e-10 4.404e-10 7.553e-10 5.538e-10 2.134e-09 2.432e-02 1.259e-10
76 TP 15 1.267e-09 5.364e-08 2.602e-09 8.979e-05 3.770e-09 6.436e-10 2.919e-09 4.164e-10 1.069e-09 2.232e-02 8.500e-08 2.218e-03 1.181e-09 1.586e-01 7.458e-01 1.793e-09 2.315e-09 2.026e-10 1.839e-03 2.092e-09 5.441e-10 6.684e-10 1.079e-10 8.372e-10 5.503e-02 7.367e-11 1.403e-02 1.435e-08 2.487e-09 6.595e-10 8.136e-10 6.677e-07 1.512e-09 1.567e-09 2.705e-10 2.713e-09 2.019e-10
76 TP 16 5.999e-10 1.075e-05 9.761e-03 2.575e-10 1.601e-08 1.798e-10 7.465e-10 1.851e-11 3.185e-02 1.617e-01 8.017e-10 1.532e-10 3.716e-10 1.067e-09 3.390e-10 5.560e-01 3.670e-09 2.131e-11 1.535e-09 1.447e-01 8.061e-04 1.108e-10 1.495e-11 1.634e-10 7.221e-04 1.572e-11 1.819e-09 1.081e-05 1.441e-09 1.102e-09 2.130e-10 6.474e-10 5.031e-10 3.047e-04 4.034e-10 9.411e-02 1.541e-10
76 TP 17 3.148e-09 4.823e-09 5.296e-01 9.517e-10 2.037e-02 7.605e-04 2.383e-09 1.748e-10 4.409e-09 8.725e-09 3.472e-09 3.308e-09 2.891e-09 1.302e-09 2.148e-09 3.349e-08 5.006e-09 1.712e-10 4.287e-09 3.820e-09 8.102e-04 1.533e-09 1.506e-10 1.055e-09 1.839e-09 1.639e-10 1.049e-09 5.310e-09 1.431e-07 6.721e-09 2.807e-08 4.484e-01 3.543e-09 2.134e-09 5.096e-10 1.191e-08 9.201e-05
76 TP 18 4.325e-09 3.365e-10 3.612e-10 7.075e-07 4.236e-10 4.462e-10 4.454e-10 4.477e-02 4.712e-10 3.643e-10 4.222e-10 3.477e-10 2.701e-08 4.311e-09 7.863e-10 5.493e-10 4.233e-10 9.279e-01 3.670e-10 5.630e-10 1.067e-02 7.289e-10 4.419e-05 4.864e-10 1.520e-09 4.001e-10 8.434e-07 4.581e-10 4.689e-10 5.413e-10 4.189e-10 3.241e-10 6.047e-10 1.589e-05 1.665e-02 4.665e-10 6.584e-09
76 TP 19 4.314e-10 4.040e-03 1.038e-02 2.211e-10 6.217e-03 8.471e-04 1.185e-09 9.643e-11 1.473e-09 2.689e-09 1.288e-09 3.531e-10 3.296e-10 6.410e-09 1.406e-03 6.386e-09 3.047e-09 8.256e-11 9.719e-01 3.877e-09 4.710e-10 4.719e-04 1.961e-06 3.778e-09 4.926e-04 1.915e-06 2.081e-09 6.941e-04 9.266e-09 1.185e-09 3.530e-09 3.535e-09 7.122e-10 6.892e-10 1.395e-10 3.584e-03 9.980e-11
76 TP 20 1.441e-09 2.272e-04 1.104e-09 1.748e-10 5.053e-10 1.498e-10 1.977e-10 1.647e-11 1.718e-08 1.911e-02 4.551e-10 9.704e-11 4.282e-10 2.950e-03 4.661e-10 2.740e-01 6.407e-10 1.874e-11 7.454e-08 6.511e-01 1.344e-06 1.291e-10 1.339e-11 1.698e-10 8.885e-07 1.393e-11 9.674e-08 2.099e-10 7.980e-10 1.319e-09 2.431e-10 2.283e-10 3.635e-10 1.312e-09 3.225e-04 5.220e-02 1.146e-04
76 TP 21 7.030e-10 3.678e-10 7.234e-10 2.779e-09 3.743e-10 1.488e-09 3.612e-10 1.122e-05 6.333e-10 3.668e-10 2.496e-10 1.616e-10 2.698e-09 4.966e-09 4.546e-10 5.307e-03 8.816e-10 4.348e-03 1.378e-06 5.767e-09 9.542e-01 1.410e-03 2.074e-05 7.722e-10 1.703e-09 1.217e-05 1.836e-02 1.877e-10 1.874e-03 2.486e-09 3.318e-10 1.967e-10 3.278e-09 7.044e-10 1.443e-02 7.212e-10 2.195e-10
76 TP 22 2.671e-10 3.986e-09 8.695e-10 2.079e-10 5.099e-10 1.755e-09 1.060e-09 6.125e-11 6.918e-10 2.432e-04 6.167e-10 7.861e-10 2.053e-10 5.443e-10 8.088e-04 8.447e-10 5.384e-09 8.257e-05 2.951e-09 5.015e-10 9.146e-10 6.857e-01 5.649e-11 1.198e-02 8.992e-10 4.935e-11 7.613e-10 5.156e-10 9.808e-10 4.761e-10 2.992e-01 2.864e-09 3.380e-10 3.204e-10 2.002e-03 1.050e-09 9.788e-11
76 TP 23 3.278e-08 6.077e-09 6.565e-09 4.039e-08 6.037e-09 2.250e-03 7.138e-09 8.298e-09 6.481e-09 6.321e-09 7.735e-09 6.279e-09 2.687e-08 9.355e-09 6.854e-04 6.419e-09 1.016e-08 3.879e-01 5.868e-09 6.377e-09 1.568e-08 7.174e-09 4.957e-01 1.374e-08 8.183e-09 7.599e-02 1.207e-08 8.986e-09 6.421e-09 3.259e-04 6.330e-09 6.217e-09 1.007e-08 3.017e-08 3.717e-02 6.035e-09 6.542e-09
76 TP 24 6.753e-10 7.998e-01 2.432e-09 5.730e-10 2.833e-09 1.462e-08 1.377e-09 2.127e-10 1.212e-03 6.704e-09 6.772e-09 1.192e-02 6.967e-10 1.576e-09 2.090e-09 2.537e-09 2.260e-09 3.390e-10 1.929e-08 2.262e-09 1.476e-03 9.001e-08 2.448e-10 4.918e-09 4.022e-04 2.217e-10 9.909e-10 9.069e-10 2.595e-09 7.091e-09 1.828e-01 2.369e-03 1.537e-09 9.043e-10 9.554e-10 3.126e-09 9.357e-10
76 TP 25 1.218e-09 6.143e-09 2.845e-09 2.182e-09 7.498e-09 8.645e-10 2.921e-09 2.320e-10 9.415e-10 5.743e-09 3.884e-09 9.943e-10 9.925e-10 9.080e-09 9.229e-07 2.977e-09 1.811e-09 2.331e-09 2.831e-03 1.913e-04 6.314e-08 1.575e-09 1.890e-10 6.553e-10 2.699e-01 7.919e-11 7.225e-01 1.319e-07 1.994e-09 6.339e-10 1.661e-09 1.964e-09 1.770e-09 9.444e-10 4.505e-03 2.747e-09 4.703e-10
76 TP 26 1.913e-08 1.931e-09 5.126e-09 6.833e-09 2.715e-09 1.922e-09 9.007e-09 1.025e-03 2.434e-09 2.836e-09 4.757e-03 3.563e-09 2.107e-08 1.732e-09 1.688e-09 3.013e-09 2.496e-09 1.895e-09 7.508e-07 2.562e-09 3.777e-09 1.887e-09 1.321e-02 1.928e-09 1.697e-09 9.792e-01 1.676e-09 1.301e-08 2.806e-09 2.385e-04 2.237e-09 1.070e-03 1.469e-08 4.107e-08 1.672e-09 2.676e-09 4.793e-04
76 TP 27 2.856e-10 3.198e-10 1.101e-10 1.911e-10 2.017e-10 1.216e-06 4.535e-10 7.169e-11 9.935e-04 7.253e-10 1.344e-10 6.913e-11 2.196e-10 1.440e-01 7.782e-10 7.118e-03 1.000e-10 1.047e-04 7.896e-06 1.880e-06 2.389e-03 2.730e-10 6.033e-11 1.338e-10 9.464e-10 1.522e-11 8.413e-01 2.590e-10 4.599e-10 1.892e-10 1.365e-04 9.558e-11 2.575e-10 3.037e-10 3.930e-03 4.841e-08 4.545e-11
76 TP 28 2.009e-01 1.210e-09 1.127e-09 1.916e-02 3.524e-09 9.240e-10 1.877e-08 1.081e-06 4.815e-09 1.496e-09 2.788e-01 6.252e-03 6.507e-02 4.987e-03 6.215e-09 3.873e-09 3.479e-09 2.366e-10 9.954e-10 2.859e-09 5.281e-10 2.004e-09 3.363e-10 2.000e-09 1.616e-09 2.386e-09 1.260e-09 2.460e-01 3.239e-09 1.321e-03 2.410e-09 2.546e-09 6.807e-02 1.093e-01 3.813e-10 3.245e-09 4.157e-10
76 TP 29 5.406e-10 3.821e-07 6.549e-02 2.061e-10 1.520e-01 4.235e-10 3.889e-10 3.051e-11 3.016e-02 3.340e-06 6.238e-10 7.272e-10 4.214e-10 6.059e-10 6.317e-10 3.874e-02 3.428e-06 3.074e-11 1.020e-09 1.015e-09 2.061e-10 3.196e-10 2.519e-11 5.855e-10 1.701e-09 2.722e-11 4.853e-10 6.009e-10 4.352e-01 1.149e-07 8.361e-10 2.784e-01 5.376e-10 3.545e-10 1.372e-10 3.894e-09 5.105e-11
76 TP 30 8.582e-10 4.974e-09 7.332e-09 7.430e-10 3.852e-09 1.316e-09 1.638e-09 1.391e-10 1.531e-01 2.143e-08 1.594e-09 4.202e-09 9.766e-10 1.257e-09 1.792e-09 8.920e-09 4.352e-01 1.310e-10 4.820e-09 3.506e-09 3.299e-10 1.704e-09 1.162e-10 4.891e-09 1.132e-09 1.396e-05 1.100e-09 4.250e-09 2.297e-07 4.082e-01 3.629e-09 3.470e-03 1.897e-09 1.071e-09 4.271e-10 2.864e-09 1.854e-10
76 TP 31 1.291e-10 1.254e-01 1.495e-03 9.908e-11 1.438e-09 4.234e-02 5.712e-10 7.860e-11 9.348e-10 7.654e-04 1.017e-09 8.211e-04 1.162e-10 7.852e-10 3.213e-09 9.233e-10 4.339e-05 1.077e-10 1.559e-09 8.669e-10 5.943e-11 1.641e-01 5.176e-06 4.141e-02 5.003e-04 3.035e-11 4.776e-10 8.242e-05 1.067e-09 5.710e-10 6.231e-01 2.220e-08 2.214e-10 1.933e-10 5.848e-11 1.309e-09 4.324e-11
76 TP 32 7.732e-04 2.090e-09 5.833e-02 4.494e-10 4.897e-02 1.389e-09 8.323e-10 1.515e-06 2.562e-02 1.988e-09 2.209e-09 9.381e-04 1.848e-04 4.335e-05 9.252e-09 8.557e-02 5.148e-04 4.493e-11 3.244e-09 5.391e-02 4.963e-05 2.661e-09 3.565e-11 2.078e-08 7.351e-07 4.622e-11 8.746e-06 8.458e-10 2.958e-01 3.374e-02 1.262e-03 3.105e-01 5.818e-10 1.357e-09 5.626e-11 8.385e-02 5.029e-11
76 TP 33 2.666e-07 4.586e-10 2.822e-10 1.540e-09 6.434e-10 2.532e-10 5.461e-02 3.891e-10 2.128e-03 5.327e-09 7.814e-02 3.016e-03 6.000e-02 8.950e-10 7.053e-10 1.616e-09 5.387e-10 1.522e-10 2.052e-10 1.308e-09 3.277e-10 8.374e-10 1.606e-10 4.713e-04 4.654e-10 5.979e-10 4.022e-10 5.368e-03 8.293e-10 1.173e-09 1.639e-09 2.207e-09 3.903e-01 4.059e-01 1.221e-10 6.875e-10 1.819e-10
76 TP 34 1.297e-01 2.068e-09 2.980e-10 2.982e-03 1.162e-09 1.385e-10 5.050e-09 1.179e-10 3.162e-10 7.357e-10 3.248e-02 1.163e-09 1.039e-01 5.344e-10 3.415e-09 1.235e-09 4.609e-10 1.067e-10 1.031e-10 9.090e-10 1.011e-10 2.083e-10 9.905e-11 1.322e-10 9.228e-10 1.706e-09 6.670e-10 5.078e-02 4.062e-10 5.382e-10 1.465e-10 5.296e-10 2.844e-01 3.957e-01 5.095e-10 6.028e-10 1.262e-10
76 TP 35 1.558e-09 2.304e-10 2.685e-10 2.334e-02 5.009e-10 4.403e-10 1.176e-09 2.831e-03 4.800e-09 3.457e-10 6.166e-10 3.100e-10 1.719e-02 1.523e-02 6.406e-10 3.401e-04 6.501e-10 9.265e-03 3.610e-10 1.168e-02 2.794e-02 5.249e-03 1.793e-05 2.746e-10 1.626e-09 2.024e-10 3.283e-02 1.119e-09 1.048e-09 8.087e-10 3.296e-10 2.407e-10 9.090e-10 3.971e-03 8.501e-01 8.158e-10 4.763e-10
76 TP 36 1.088e-09 2.144e-09 3.395e-09 7.186e-10 2.838e-01 8.228e-10 3.398e-03 7.341e-11 7.174e-02 2.563e-06 9.416e-04 2.917e-09 1.243e-09 2.813e-02 2.643e-09 2.193e-08 1.342e-08 7.696e-11 7.737e-03 1.834e-01 9.682e-10 8.982e-10 5.949e-11 1.365e-09 2.848e-05 6.478e-11 1.736e-07 2.019e-07 1.930e-01 8.772e-03 1.554e-09 3.165e-02 1.834e-05 1.220e-09 3.875e-10 1.874e-01 1.252e-10
76 TP 37 7.598e-09 2.700e-09 3.275e-09 1.189e-08 1.546e-08 2.731e-09 4.270e-03 2.864e-09 7.506e-09 6.028e-09 5.181e-03 3.725e-09 3.332e-08 1.054e-08 5.412e-09 2.011e-08 8.759e-09 1.096e-02 2.666e-09 1.064e-08 6.337e-09 2.763e-09 2.656e-09 2.659e-09 7.322e-09 2.725e-09 9.132e-09 6.790e-09 8.720e-09 5.975e-09 2.650e-09 9.534e-09 9.986e-03 7.822e-09 3.630e-09 7.621e-03 9.620e-01
77 IP 1 2.689e-04
77 IP 2 1.259e-08
77 IP 3 2.342e-08
77 IP 4 1.226e-08
77 IP 5 1.212e-02
77 IP 6 1.111e-01
77 IP 7 1.797e-02
77 IP 8 8.407e-02
77 IP 9 4.613e-03
77 IP 10 2.983e-07
77 IP 11 5.242e-02
77 IP 12 1.331e-08
77 IP 13 1.554e-08
77 IP 14 1.574e-02
77 IP 15 6.115e-07
77 IP 16 8.293e-09
77 IP 17 7.506e-05
77 IP 18 1.392e-08
77 IP 19 1.378e-05
77 IP 20 9.661e-02
77 IP 21 5.729e-08
77 IP 22 4.269e-02
77 IP 23 4.733e-02
77 IP 24 2.875e-01
77 IP 25 2.694e-03
77 IP 26 1.478e-01
77 IP 27 7.729e-04
77 IP 28 1.920e-08
77 IP 29 7.622e-02
77 EP 1 4.577e-05 3.362e-02 6.352e-02 6.209e-02 5.694e-02 6.853e-02 4.812e-02 4.371e-02 4.434e-02 7.952e-02 7.931e-02 1.270e-01 2.932e-01 8.077e-05 3.968e-09
77 EP 2 9.261e-03 7.265e-02 5.273e-02 5.302e-02 4.857e-02 5.567e-02 6.947e-02 1.764e-01 2.585e-01 1.253e-01 5.189e-02 1.346e-08 2.653e-02 9.395e-08 1.394e-08
77 EP 3 7.697e-05 2.714e-08 8.074e-03 8.187e-03 2.003e-08 5.789e-02 8.499e-02 7.500e-02 7.321e-02 8.932e-02 1.004e-01 2.418e-01 2.611e-01 1.439e-08 7.825e-09
77 EP 4 5.042e-04 2.863e-01 2.306e-01 9.177e-02 1.799e-02 3.661e-08 1.014e-08 7.934e-08 1.749e-02 1.185e-06 1.864e-06 8.537e-09 6.176e-02 2.932e-01 3.395e-04
77 EP 5 2.547e-10 1.079e-02 2.207e-02 2.605e-02 1.800e-02 3.399e-02 3.576e-02 5.126e-02 5.421e-02 3.089e-02 4.420e-02 5.577e-02 1.678e-01 4.115e-01 3.772e-02
77 EP 6 6.760e-03 2.211e-01 3.498e-01 1.882e-01 9.602e-02 5.710e-02 3.762e-02 2.194e-02 1.260e-02 4.805e-03 3.178e-03 5.463e-04 3.409e-04 9.173e-11 8.041e-11
77 EP 7 1.908e-04 1.077e-02 2.577e-02 2.588e-02 2.559e-02 4.111e-02 4.920e-02 7.517e-02 7.393e-02 6.683e-02 8.647e-02 6.644e-02 1.570e-01 2.903e-01 5.403e-03
77 EP 8 6.918e-05 1.092e-02 5.934e-02 5.238e-02 5.499e-02 8.482e-02 5.265e-02 8.792e-02 9.963e-02 1.135e-01 2.265e-01 1.573e-01 8.505e-10 6.833e-10 8.161e-11
77 EP 9 1.298e-03 2.158e-01 2.840e-01 1.828e-01 1.206e-01 7.372e-02 3.755e-02 2.656e-02 2.051e-02 1.965e-02 1.753e-02 8.084e-09 5.491e-09 3.060e-09 1.635e-09
77 EP 10 7.481e-05 1.852e-02 5.672e-02 4.493e-02 5.483e-02 7.317e-02 9.067e-02 7.621e-02 7.146e-02 6.935e-02 5.507e-02 1.627e-01 2.207e-01 4.265e-03 1.357e-03
77 EP 11 2.853e-03 6.490e-02 2.135e-01 1.875e-01 1.562e-01 1.126e-01 8.680e-02 7.153e-02 5.900e-02 4.288e-02 2.205e-03 1.719e-10 1.524e-06 7.597e-11 2.059e-11
77 EP 12 4.958e-08 5.172e-08 2.574e-05 5.537e-08 4.910e-08 1.349e-02 5.452e-02 8.102e-02 1.628e-01 2.887e-01 2.967e-01 4.399e-08 3.587e-02 6.686e-02 5.944e-08
77 EP 13 1.512e-08 5.221e-02 1.123e-01 4.851e-02 5.128e-02 4.404e-02 2.745e-02 2.239e-02 8.523e-09 1.740e-03 1.845e-01 3.013e-01 6.907e-02 1.244e-02 7.282e-02
77 EP 14 2.298e-06 4.528e-02 1.261e-01 1.201e-01 1.375e-01 1.612e-01 1.036e-01 7.301e-02 5.198e-02 4.095e-02 4.008e-02 6.748e-02 3.273e-02 4.245e-07 3.318e-09
77 EP 15 6.386e-04 5.121e-02 4.939e-02 4.229e-02 4.962e-02 6.301e-02 5.726e-02 6.637e-02 7.990e-02 8.621e-02 9.604e-02 1.027e-01 1.153e-01 1.118e-01 2.828e-02
77 EP 16 4.653e-04 1.382e-02 4.086e-02 2.802e-02 2.562e-02 6.963e-02 7.710e-02 6.456e-02 6.695e-02 6.227e-02 9.791e-02 2.714e-01 1.627e-01 1.872e-02 2.005e-08
77 EP 17 7.259e-09 2.766e-04 1.426e-07 2.094e-02 2.390e-02 3.914e-02 3.939e-02 4.239e-02 2.713e-02 9.780e-03 3.695e-02 4.595e-02 1.314e-01 5.827e-01 3.108e-07
77 EP 18 2.762e-08 6.151e-03 3.960e-08 3.510e-08 3.593e-08 5.984e-07 7.904e-02 5.780e-02 3.617e-08 6.523e-08 4.861e-08 2.332e-01 6.238e-01 3.097e-08 1.827e-08
77 EP 19 7.723e-03 7.674e-08 1.307e-01 3.414e-01 2.491e-01 1.554e-01 3.185e-02 1.693e-02 2.810e-02 3.881e-02 1.174e-05 1.835e-08 5.492e-09 3.655e-09 1.590e-09
77 EP 20 2.516e-03 1.022e-01 2.993e-01 2.374e-01 1.637e-01 7.939e-02 3.231e-02 2.066e-02 2.265e-02 2.161e-02 1.833e-02 3.019e-10 5.482e-10 3.025e-10 2.043e-11
77 EP 21 1.997e-10 2.539e-03 3.551e-03 5.388e-03 3.446e-03 2.260e-02 3.554e-02 3.357e-02 2.545e-09 1.092e-06 1.856e-01 3.956e-01 1.763e-01 5.660e-02 7.929e-02
77 EP 22 6.086e-11 6.103e-03 1.914e-02 1.617e-02 2.059e-02 2.488e-02 2.562e-02 2.835e-02 6.346e-02 7.109e-02 5.608e-02 8.598e-02 8.502e-02 2.438e-01 2.537e-01
77 EP 23 1.052e-04 4.316e-03 1.264e-02 1.239e-02 1.546e-02 1.847e-02 2.119e-02 2.039e-02 3.107e-02 5.994e-02 5.293e-02 5.744e-02 7.428e-02 1.912e-01 4.282e-01
77 EP 24 1.970e-01 3.515e-01 2.206e-01 1.009e-01 6.171e-02 3.004e-02 2.177e-02 9.455e-03 4.063e-03 2.690e-03 5.721e-10 3.575e-04 4.387e-10 2.069e-10 1.877e-10
77 EP 25 1.042e-09 1.532e-02 1.973e-02 2.040e-02 3.016e-02 2.620e-02 2.634e-02 1.052e-01 3.200e-01 3.294e-01 8.102e-02 1.234e-02 8.779e-03 1.293e-08 5.033e-03
77 EP 26 3.777e-04 3.026e-02 9.582e-02 7.392e-02 8.571e-02 9.159e-02 8.966e-02 8.542e-02 8.228e-02 9.689e-02 9.363e-02 9.096e-02 8.348e-02 1.600e-08 4.193e-10
77 EP 27 3.312e-04 3.897e-02 5.191e-02 3.206e-02 2.253e-02 2.085e-02 1.839e-02 1.663e-02 3.343e-02 6.332e-02 6.403e-02 5.438e-02 9.829e-02 1.849e-01 3.000e-01
