81 IP 1 1.113e-01
81 IP 2 1.990e-02
81 IP 3 1.695e-08
81 IP 4 1.955e-01
81 IP 5 2.494e-02
81 IP 6 5.298e-01
81 IP 7 7.583e-09
81 IP 8 8.051e-02
81 IP 9 6.867e-09
81 IP 10 3.625e-02
81 IP 11 2.305e-08
81 IP 12 7.114e-09
81 IP 13 7.711e-09
81 IP 14 6.789e-09
81 IP 15 1.577e-08
81 IP 16 6.845e-09
81 IP 17 1.304e-08
81 IP 18 6.765e-09
81 IP 19 6.711e-09
81 IP 20 1.818e-03
81 EP 1 1.021e-11 8.607e-10 9.424e-02 2.816e-01 3.972e-01 1.825e-01 4.445e-02 8.130e-10 4.300e-10 1.035e-09 3.803e-09 1.224e-09 2.961e-10 2.229e-10 2.945e-10 4.137e-10 5.627e-08 8.058e-11 4.277e-07 4.331e-11 3.371e-05 9.332e-11 4.177e-06 7.829e-10 1.855e-11 1.425e-10 6.427e-11 1.523e-11 1.537e-11 1.145e-11 1.044e-11
81 EP 2 8.566e-12 1.463e-05 2.858e-03 1.178e-02 1.701e-02 1.754e-02 2.194e-02 2.342e-02 3.092e-02 4.010e-02 5.168e-02 6.787e-02 8.248e-02 9.745e-02 1.119e-01 1.066e-01 9.601e-02 7.431e-02 5.119e-02 3.331e-02 2.478e-02 1.714e-02 1.025e-02 5.819e-03 3.001e-03 6.548e-04 1.125e-07 9.694e-11 5.274e-11 4.130e-11 3.272e-11
81 EP 3 1.709e-11 1.350e-09 3.456e-09 2.951e-09 2.370e-02 2.668e-01 3.423e-01 2.372e-01 9.465e-02 2.613e-02 8.291e-09 5.782e-03 7.528e-04 2.423e-03 1.163e-09 6.431e-10 1.697e-04 4.895e-10 2.044e-08 1.314e-10 8.990e-10 1.461e-10 1.973e-09 9.440e-10 4.562e-11 9.287e-05 1.015e-10 4.058e-11 4.797e-11 2.412e-11 1.829e-11
81 EP 4 1.305e-11 3.004e-02 1.076e-01 1.725e-01 2.266e-01 2.112e-01 1.356e-01 7.405e-02 2.358e-02 8.871e-03 4.490e-03 2.845e-03 2.362e-03 1.218e-07 4.320e-10 3.605e-10 2.643e-04 2.088e-07 4.435e-10 1.771e-10 1.075e-10 3.833e-10 7.297e-11 1.687e-10 4.516e-11 6.424e-11 3.718e-11 3.542e-06 9.634e-06 2.502e-11 1.490e-11
81 EP 5 1.256e-11 6.802e-11 2.275e-04 1.849e-03 1.057e-03 8.289e-10 1.321e-02 4.928e-02 1.026e-01 1.644e-01 1.762e-01 1.483e-01 1.013e-01 6.954e-02 4.894e-02 4.087e-02 3.261e-02 2.184e-02 1.532e-02 9.171e-03 2.761e-03 2.024e-09 5.428e-04 5.230e-10 2.827e-10 1.864e-10 1.880e-10 1.758e-10 7.794e-11 4.783e-11 1.909e-11
81 EP 6 9.711e-11 7.385e-01 2.553e-01 1.772e-08 4.980e-03 1.516e-09 2.306e-09 6.825e-10 1.540e-09 3.021e-04 3.858e-09 8.137e-04 2.189e-10 1.334e-04 2.130e-10 1.680e-10 1.819e-10 1.342e-10 1.669e-10 1.174e-10 1.473e-10 1.527e-10 1.860e-10 1.628e-10 1.030e-10 1.207e-10 1.585e-10 9.903e-11 9.851e-11 9.776e-11 9.736e-11
81 EP 7 1.135e-10 1.327e-10 2.434e-10 1.278e-09 4.436e-10 4.651e-10 6.424e-07 5.493e-09 1.147e-03 3.191e-03 8.602e-03 1.527e-02 3.829e-02 3.857e-02 4.339e-02 4.042e-02 3.269e-02 3.343e-02 3.240e-02 3.761e-02 3.715e-02 4.019e-02 5.228e-02 5.724e-02 6.678e-02 7.136e-02 9.736e-02 9.717e-02 1.018e-01 5.366e-02 2.167e-09
81 EP 8 1.538e-11 3.275e-01 4.235e-01 2.475e-01 3.394e-07 4.849e-10 6.640e-10 4.357e-10 4.107e-10 9.606e-10 1.499e-03 7.724e-10 1.549e-10 2.087e-10 1.800e-10 4.397e-10 3.518e-10 5.128e-11 2.919e-05 3.728e-11 5.778e-11 1.085e-10 2.179e-10 5.378e-11 1.947e-11 5.224e-11 2.342e-11 1.836e-11 1.878e-11 1.596e-11 1.543e-11
81 EP 9 2.989e-11 6.458e-11 6.350e-11 2.386e-04 1.081e-03 7.925e-04 4.287e-10 1.368e-03 2.078e-03 3.596e-03 2.859e-03 6.262e-04 2.750e-03 9.424e-03 9.511e-03 3.313e-03 7.282e-03 8.920e-05 1.786e-09 1.714e-09 5.268e-09 6.923e-02 1.764e-01 2.740e-01 2.442e-01 1.249e-01 3.614e-02 1.372e-03 1.453e-02 1.422e-02 1.818e-10
81 EP 10 7.226e-12 6.944e-11 1.430e-09 9.805e-10 8.905e-03 3.173e-02 8.669e-02 1.561e-01 1.998e-01 1.923e-01 1.447e-01 7.914e-02 4.317e-02 2.514e-02 1.854e-02 1.022e-02 2.832e-03 5.970e-04 1.590e-08 2.415e-10 5.126e-10 1.383e-10 1.345e-10 1.843e-10 5.015e-11 7.838e-11 5.194e-11 3.174e-11 3.228e-11 1.919e-11 1.081e-11
81 EP 11 2.029e-11 4.821e-10 3.506e-03 1.514e-09 2.110e-02 1.321e-01 2.307e-01 2.461e-01 1.959e-01 9.311e-02 3.339e-02 1.686e-02 1.376e-02 6.020e-03 3.942e-03 1.470e-09 1.729e-06 5.652e-10 6.249e-10 4.551e-04 5.495e-04 1.021e-03 6.221e-04 8.684e-05 1.526e-04 4.370e-04 1.158e-04 1.927e-05 7.575e-11 2.724e-11 2.178e-11
81 EP 12 3.183e-11 1.198e-10 9.840e-11 9.251e-07 4.400e-06 7.912e-04 5.707e-04 1.416e-03 1.816e-03 3.431e-03 5.058e-09 2.334e-07 2.877e-07 2.889e-09 1.314e-09 3.822e-02 1.191e-01 2.287e-01 2.260e-01 1.474e-01 3.202e-02 7.148e-04 2.532e-04 4.018e-02 3.720e-02 4.530e-02 2.699e-02 2.720e-02 1.873e-02 3.984e-03 1.325e-10
81 EP 13 2.480e-11 8.416e-11 1.590e-10 4.407e-10 2.296e-07 5.597e-10 4.475e-04 5.329e-08 6.682e-04 1.913e-09 1.296e-09 8.328e-10 8.037e-09 3.254e-02 9.228e-02 1.686e-01 1.993e-01 1.793e-01 1.434e-01 8.121e-02 3.241e-02 8.789e-03 1.409e-02 2.427e-02 1.538e-02 7.369e-03 3.339e-09 1.211e-09 3.821e-10 1.662e-10 4.698e-11
81 EP 14 4.347e-11 5.613e-11 6.546e-11 4.844e-09 1.257e-09 4.780e-10 4.237e-04 3.376e-04 7.569e-04 2.398e-04 1.720e-09 5.033e-03 6.360e-03 2.949e-08 8.912e-09 2.496e-03 6.313e-08 4.134e-03 1.922e-09 3.080e-09 5.330e-03 2.066e-09 1.616e-09 7.411e-09 7.143e-02 1.989e-01 2.842e-01 2.382e-01 1.319e-01 5.023e-02 6.262e-10
81 EP 15 2.015e-11 8.558e-11 2.018e-04 3.081e-03 2.765e-03 5.425e-03 6.328e-04 2.353e-09 2.036e-02 7.027e-02 1.554e-01 2.433e-01 2.327e-01 1.537e-01 5.474e-02 1.656e-02 5.345e-03 1.370e-02 1.295e-02 8.848e-03 1.204e-05 4.132e-09 2.736e-09 4.523e-06 7.008e-10 6.341e-10 4.488e-10 1.757e-10 1.782e-10 7.931e-10 5.593e-11
81 EP 16 2.382e-11 1.865e-10 9.087e-11 1.180e-03 1.911e-03 1.112e-03 2.304e-03 2.698e-03 2.081e-03 2.052e-08 2.961e-03 3.019e-03 1.217e-09 1.335e-05 1.815e-04 8.194e-04 2.310e-09 3.847e-08 6.270e-02 1.702e-01 2.708e-01 2.492e-01 1.445e-01 2.102e-02 2.316e-06 5.236e-03 2.566e-02 2.412e-02 8.253e-03 9.299e-10 7.975e-11
81 EP 17 3.377e-11 6.024e-11 1.053e-10 1.255e-03 1.549e-03 1.644e-07 1.017e-03 8.817e-10 2.470e-05 5.892e-03 1.825e-08 5.913e-03 4.198e-02 1.250e-01 2.243e-01 2.235e-01 1.571e-01 3.165e-02 9.451e-04 4.618e-09 1.602e-02 1.679e-02 2.805e-02 1.585e-02 2.144e-02 2.079e-02 2.431e-02 2.088e-02 1.112e-02 4.578e-03 1.570e-10
81 EP 18 9.452e-11 1.099e-10 1.177e-10 4.852e-05 4.198e-10 2.211e-10 5.498e-10 1.427e-09 7.287e-10 5.735e-04 7.369e-03 4.430e-03 7.290e-03 1.370e-02 1.260e-02 9.608e-03 1.061e-02 5.418e-03 3.534e-03 1.614e-09 4.143e-04 3.239e-09 2.055e-09 3.785e-09 3.083e-09 1.922e-09 2.134e-08 1.339e-01 2.713e-01 3.510e-01 1.683e-01
81 EP 19 4.865e-11 1.190e-10 2.366e-10 2.719e-10 4.172e-10 3.772e-10 7.333e-10 8.974e-10 2.027e-09 2.516e-06 5.102e-09 4.203e-07 1.318e-08 2.849e-08 7.126e-09 2.275e-08 2.334e-02 8.214e-02 9.316e-02 1.191e-01 1.164e-01 1.088e-01 9.627e-02 1.085e-01 8.463e-02 7.596e-02 5.543e-02 2.434e-02 1.189e-02 9.186e-10 1.603e-10
81 EP 20 2.883e-11 1.382e-10 7.512e-10 3.950e-04 1.874e-03 5.001e-03 2.781e-04 7.220e-07 8.168e-10 3.926e-09 6.341e-02 1.437e-01 2.425e-01 2.401e-01 1.649e-01 6.934e-02 7.789e-03 1.467e-03 1.634e-03 9.771e-03 1.603e-02 2.012e-02 1.034e-02 1.311e-03 1.422e-09 1.057e-08 5.528e-10 5.876e-09 1.130e-09 2.199e-10 5.732e-11
81 TP 1 2.607e-01 1.023e-09 2.598e-02 2.306e-01 4.866e-02 9.728e-06 7.160e-11 2.373e-01 5.813e-04 1.666e-09 1.845e-01 1.638e-10 5.088e-03 5.722e-05 1.081e-05 4.445e-04 1.892e-10 3.042e-11 3.120e-10 6.030e-03
81 TP 2 2.874e-02 4.534e-01 3.896e-02 3.553e-02 9.517e-04 1.603e-03 2.968e-10 2.629e-03 1.524e-06 2.197e-01 9.939e-10 8.729e-07 3.014e-02 1.208e-10 8.836e-02 1.328e-02 1.259e-02 7.564e-11 7.412e-02 1.315e-05
81 TP 3 1.969e-01 3.110e-09 1.277e-01 2.347e-01 8.028e-03 8.215e-10 3.123e-10 1.395e-01 3.615e-10 7.764e-05 2.932e-01 4.835e-10 1.485e-07 1.701e-10 2.988e-09 6.162e-10 1.256e-09 1.492e-10 1.408e-09 1.571e-05
81 TP 4 2.707e-01 4.392e-02 3.058e-01 2.428e-09 2.252e-02 1.212e-02 8.143e-11 1.313e-03 7.721e-10 2.961e-01 1.913e-08 2.062e-10 2.719e-03 8.623e-11 3.594e-02 4.163e-08 2.966e-10 4.382e-11 2.253e-10 8.832e-03
81 TP 5 6.914e-10 2.324e-01 7.828e-03 1.201e-09 1.496e-01 8.771e-04 5.729e-10 2.566e-10 2.022e-02 1.029e-01 5.259e-03 5.560e-03 1.070e-01 8.068e-03 9.134e-02 3.335e-02 4.816e-03 1.301e-03 4.229e-02 1.872e-01
81 TP 6 2.378e-02 1.376e-02 2.614e-05 1.177e-01 7.343e-09 5.195e-01 4.790e-10 2.658e-01 6.274e-10 4.392e-02 1.173e-02 2.430e-09 4.474e-04 1.006e-09 9.760e-09 7.021e-04 6.837e-10 1.529e-10 3.292e-04 2.252e-03
81 TP 7 2.608e-04 1.215e-02 1.161e-07 9.543e-09 1.560e-01 4.178e-10 1.093e-08 7.113e-05 4.663e-02 4.809e-02 2.954e-09 6.585e-02 1.130e-01 6.485e-03 1.164e-01 6.946e-02 1.112e-01 1.827e-09 1.356e-01 1.188e-01
81 TP 8 3.680e-01 2.925e-03 7.105e-02 2.989e-02 6.286e-03 5.673e-02 1.232e-10 4.016e-01 1.749e-10 2.651e-02 3.667e-02 1.764e-10 8.499e-10 4.156e-05 1.701e-09 2.805e-04 1.479e-10 2.132e-11 3.258e-10 1.341e-08
81 TP 9 4.951e-03 1.868e-01 5.035e-03 4.764e-05 2.949e-09 1.842e-04 6.918e-08 1.145e-03 3.364e-01 2.861e-02 6.938e-10 8.047e-02 1.719e-09 1.275e-01 9.506e-03 1.545e-01 2.582e-02 3.891e-02 1.893e-04 8.612e-10
81 TP 10 8.247e-02 4.755e-03 1.041e-01 1.530e-01 2.284e-01 7.245e-07 1.103e-10 2.834e-02 1.543e-10 3.707e-01 2.757e-02 5.343e-10 1.983e-07 8.231e-11 4.534e-07 7.407e-10 9.312e-10 5.335e-11 4.299e-10 6.789e-04
81 TP 11 1.419e-06 3.282e-02 4.527e-03 1.177e-01 4.676e-01 1.890e-08 6.666e-10 8.216e-10 6.566e-03 1.840e-01 1.155e-01 2.821e-09 3.659e-02 1.473e-03 8.025e-09 1.557e-02 2.990e-07 2.531e-10 3.053e-04 1.734e-02
81 TP 12 3.297e-03 2.286e-01 2.996e-05 9.112e-03 2.040e-09 6.358e-05 1.636e-09 2.307e-03 4.463e-02 3.735e-02 1.091e-09 3.793e-01 1.989e-09 1.424e-02 1.262e-03 1.542e-01 1.021e-01 2.336e-02 5.544e-05 9.931e-10
81 TP 13 7.887e-10 1.337e-01 4.141e-09 9.787e-10 2.333e-02 4.074e-10 1.080e-09 4.441e-10 1.139e-01 7.690e-09 1.201e-09 1.994e-01 1.881e-01 8.866e-02 6.610e-07 1.905e-01 3.406e-02 1.406e-02 1.158e-05 1.427e-02
81 TP 14 3.840e-04 8.864e-02 2.360e-03 4.047e-10 3.984e-04 7.280e-11 1.239e-05 3.087e-10 1.873e-01 7.919e-03 1.540e-09 7.132e-02 2.153e-09 3.886e-01 1.187e-02 1.044e-01 1.844e-02 7.889e-02 3.947e-02 1.127e-09
81 TP 15 1.674e-02 5.520e-03 2.888e-09 9.737e-02 2.347e-02 3.147e-05 2.130e-09 5.329e-03 5.551e-10 2.591e-01 5.174e-03 2.698e-09 2.495e-03 6.062e-10 3.449e-01 1.862e-09 2.655e-03 1.179e-09 4.356e-02 1.937e-01
81 TP 16 2.103e-03 2.152e-01 4.519e-03 6.708e-03 2.412e-09 1.945e-08 1.147e-09 1.647e-03 1.545e-01 3.011e-02 6.501e-10 1.382e-01 2.942e-09 5.586e-02 1.860e-02 3.104e-01 3.522e-02 2.690e-02 2.154e-09 8.952e-10
81 TP 17 1.404e-04 5.522e-02 1.759e-03 2.167e-02 9.259e-08 2.951e-10 3.390e-09 9.374e-04 4.177e-08 6.810e-06 2.437e-02 3.407e-09 2.037e-01 2.497e-04 1.872e-01 2.678e-09 4.623e-01 9.175e-03 2.988e-02 3.421e-03
81 TP 18 3.316e-10 1.878e-09 5.023e-10 2.825e-10 6.596e-07 1.180e-10 3.982e-01 3.979e-10 8.011e-02 7.899e-03 6.971e-10 2.876e-02 2.056e-07 1.308e-01 7.739e-03 4.215e-02 3.072e-03 3.014e-01 2.255e-09 1.313e-09
81 TP 19 1.356e-09 1.551e-02 7.781e-03 1.715e-09 1.009e-01 1.081e-08 2.238e-01 8.759e-10 1.546e-08 1.152e-01 2.704e-09 9.577e-08 2.854e-09 2.524e-03 1.992e-01 6.701e-09 7.187e-02 6.016e-02 1.238e-01 7.937e-02
81 TP 20 9.217e-09 2.048e-01 5.086e-04 3.345e-09 4.246e-04 2.148e-04 1.347e-09 4.261e-09 6.236e-02 4.545e-09 1.877e-02 1.006e-05 3.182e-01 3.492e-02 2.980e-04 7.942e-02 1.182e-01 6.703e-03 2.350e-02 1.317e-01
82 IP 1 2.300e-02
82 IP 2 1.009e-08
82 IP 3 9.667e-09
82 IP 4 1.353e-02
82 IP 5 9.067e-09
82 IP 6 3.553e-01
82 IP 7 1.425e-01
82 IP 8 1.048e-08
82 IP 9 4.054e-01
82 IP 10 8.198e-09
82 IP 11 6.882e-07
82 IP 12 1.670e-02
82 IP 13 8.266e-09
82 IP 14 3.158e-08
82 IP 15 2.999e-07
82 IP 16 4.359e-02
82 IP 17 1.019e-08
82 IP 18 1.200e-08
82 IP 19 8.197e-09
82 IP 20 9.119e-09
82 IP 21 5.355e-08
82 IP 22 4.459e-08
82 EP 1 1.575e-11 1.383e-04 5.419e-04 1.410e-03 2.700e-04 1.267e-09 5.650e-09 1.207e-02 4.518e-02 1.068e-01 1.675e-01 1.891e-01 1.424e-01 9.667e-02 5.811e-02 4.882e-02 4.394e-02 3.258e-02 2.343e-02 1.651e-02 9.580e-03 4.995e-03 3.995e-05 1.119e-09 3.410e-10 3.593e-10 8.299e-10 3.607e-10 1.574e-10 4.670e-11 2.600e-11
82 EP 2 1.969e-11 6.312e-11 4.181e-10 2.665e-03 5.389e-03 2.330e-03 1.181e-02 5.983e-03 2.074e-09 1.104e-04 6.049e-02 1.439e-01 2.595e-01 2.791e-01 1.780e-01 3.853e-02 1.144e-03 8.856e-03 2.303e-08 1.943e-07 8.953e-04 1.815e-09 1.672e-09 1.009e-09 6.428e-10 7.077e-10 1.384e-09 1.290e-03 3.812e-10 1.441e-10 5.853e-11
82 EP 3 5.688e-11 7.765e-11 1.201e-10 3.735e-10 6.174e-10 5.629e-10 1.062e-03 1.040e-03 3.668e-09 4.517e-03 2.737e-09 2.237e-09 1.219e-09 1.871e-09 2.204e-09 3.757e-02 2.438e-01 3.297e-01 1.273e-01 1.230e-08 5.716e-09 3.704e-02 2.791e-02 2.622e-02 3.503e-02 2.131e-02 1.974e-02 4.884e-02 2.744e-02 1.142e-02 2.731e-10
82 EP 4 1.415e-11 2.433e-10 2.493e-09 1.875e-09 1.870e-09 7.264e-02 2.880e-01 3.423e-01 1.812e-01 7.362e-02 2.023e-02 7.784e-03 4.392e-03 3.073e-03 5.724e-03 4.478e-10 3.354e-10 3.296e-10 8.084e-04 3.422e-10 3.281e-10 4.568e-05 2.384e-04 1.212e-10 6.028e-11 8.053e-11 6.021e-11 8.293e-11 2.647e-10 1.703e-11 1.787e-11
82 EP 5 3.000e-11 8.328e-11 1.688e-10 2.892e-03 1.241e-09 4.489e-03 2.847e-09 2.948e-08 4.564e-03 1.465e-04 7.728e-07 1.265e-09 2.371e-09 5.802e-02 2.207e-01 3.567e-01 1.897e-01 1.066e-02 9.188e-09 2.082e-02 2.206e-02 2.552e-02 2.472e-02 2.207e-02 1.084e-02 1.249e-02 1.361e-02 3.660e-07 2.740e-08 7.636e-10 1.211e-10
82 EP 6 1.232e-11 9.588e-03 5.101e-02 8.858e-02 1.119e-01 1.554e-01 1.716e-01 1.575e-01 1.098e-01 6.448e-02 3.796e-02 2.015e-02 1.195e-02 9.681e-03 4.247e-04 5.591e-10 2.106e-10 9.918e-10 2.487e-10 1.232e-10 1.996e-10 2.208e-10 1.165e-10 5.415e-11 5.483e-11 7.218e-11 3.747e-11 5.763e-11 5.254e-11 1.592e-11 1.549e-11
82 EP 7 1.066e-11 1.668e-01 3.386e-01 3.425e-01 1.474e-01 3.191e-09 5.624e-10 4.645e-03 2.158e-10 5.026e-10 1.185e-09 5.876e-10 1.991e-10 3.591e-10 1.615e-10 2.530e-10 5.304e-11 4.429e-11 1.657e-10 5.685e-05 6.469e-11 1.073e-10 2.741e-11 2.746e-11 1.505e-11 1.248e-05 1.348e-11 7.163e-11 1.452e-11 1.098e-11 1.077e-11
82 EP 8 2.918e-11 1.081e-10 3.659e-10 6.227e-04 8.985e-10 6.996e-10 1.717e-03 1.669e-03 9.492e-08 5.495e-10 1.950e-08 1.455e-02 7.293e-02 1.208e-01 1.556e-01 1.374e-01 1.306e-01 1.178e-01 8.162e-02 4.573e-02 3.004e-02 2.523e-02 1.989e-02 1.937e-02 1.506e-02 9.413e-03 4.007e-07 5.986e-10 2.242e-10 1.052e-10 5.482e-11
82 EP 9 5.130e-11 6.230e-01 3.175e-01 5.180e-02 1.683e-09 5.213e-03 6.786e-10 1.223e-03 3.286e-10 5.773e-04 4.334e-04 8.314e-05 2.760e-10 7.515e-10 2.452e-10 3.719e-05 4.553e-05 9.204e-11 2.097e-05 1.160e-10 8.238e-11 1.142e-10 5.972e-11 6.707e-11 5.355e-11 9.330e-11 5.315e-11 4.903e-05 5.251e-11 5.151e-11 5.133e-11
82 EP 10 6.441e-11 7.241e-11 2.310e-10 1.964e-10 2.415e-10 2.915e-10 7.405e-10 3.278e-09 3.981e-10 7.230e-04 1.093e-09 1.039e-09 1.125e-09 1.597e-09 1.327e-09 1.642e-09 7.099e-10 9.267e-04 1.294e-09 1.002e-09 6.959e-09 2.124e-03 2.184e-09 2.606e-09 1.216e-08 1.119e-01 2.340e-01 2.823e-01 2.177e-01 1.083e-01 4.201e-02
82 EP 11 9.932e-12 3.386e-10 1.640e-02 1.304e-01 3.355e-01 3.745e-01 1.431e-01 1.399e-06 5.345e-10 1.050e-09 1.159e-08 1.687e-06 3.938e-10 4.127e-10 3.532e-10 1.872e-10 1.021e-10 9.341e-11 4.351e-10 4.518e-10 1.568e-10 6.772e-06 1.005e-10 4.254e-11 2.417e-11 1.377e-10 2.137e-11 3.927e-11 2.470e-11 1.093e-11 1.074e-11
82 EP 12 1.212e-11 7.771e-11 6.967e-10 6.066e-10 1.175e-09 1.095e-09 1.024e-08 6.432e-02 1.867e-01 2.598e-01 2.433e-01 1.577e-01 6.747e-02 7.925e-03 1.076e-08 6.744e-03 5.714e-03 2.778e-09 4.691e-04 5.009e-10 3.156e-10 5.816e-10 3.161e-10 2.393e-10 1.397e-10 1.375e-10 1.272e-10 3.947e-10 1.062e-10 2.386e-11 2.248e-11
82 EP 13 2.998e-11 4.661e-11 6.917e-10 1.252e-09 7.706e-04 8.208e-04 1.735e-03 1.089e-03 1.522e-05 3.304e-08 1.707e-03 7.925e-04 3.958e-03 2.406e-03 3.049e-09 2.699e-09 5.624e-10 3.196e-09 7.329e-03 1.762e-09 1.357e-09 1.572e-03 7.980e-02 1.924e-01 2.637e-01 2.044e-01 1.216e-01 4.240e-02 4.015e-02 3.334e-02 5.016e-10
82 EP 14 2.421e-11 8.209e-10 3.617e-03 8.426e-10 1.559e-09 2.692e-02 1.223e-01 1.993e-01 2.140e-01 1.701e-01 8.971e-02 4.818e-02 3.055e-02 2.565e-02 2.340e-02 1.684e-02 9.456e-03 6.300e-03 2.822e-03 2.771e-03 2.101e-03 1.100e-03 6.859e-04 1.159e-03 1.455e-03 4.413e-04 7.754e-04 3.710e-04 3.926e-05 3.273e-11 2.748e-11
82 EP 15 1.156e-11 1.728e-05 4.140e-03 6.445e-03 9.691e-03 1.824e-02 3.431e-02 4.402e-02 6.071e-02 7.343e-02 8.740e-02 1.073e-01 1.185e-01 1.117e-01 1.012e-01 8.371e-02 5.810e-02 4.037e-02 1.827e-02 1.279e-02 6.803e-03 2.805e-03 9.693e-08 2.699e-10 2.662e-10 2.083e-10 1.943e-10 1.375e-10 9.013e-11 3.064e-11 3.449e-11
82 EP 16 1.896e-11 6.935e-10 5.204e-04 8.374e-03 1.263e-02 7.866e-03 6.415e-03 7.206e-03 3.407e-03 7.332e-03 7.166e-03 9.719e-03 1.355e-02 2.745e-02 2.497e-02 5.143e-02 1.199e-01 1.765e-01 1.794e-01 1.270e-01 7.965e-02 3.078e-02 2.227e-02 2.659e-02 2.693e-02 1.212e-02 1.088e-02 4.505e-09 5.219e-10 1.812e-10 5.785e-11
82 EP 17 2.514e-10 2.797e-10 3.721e-10 7.278e-06 1.142e-09 5.280e-10 5.482e-10 3.731e-09 1.205e-09 1.144e-07 5.073e-09 1.362e-02 2.111e-02 9.868e-03 1.876e-02 2.650e-02 3.620e-02 3.232e-02 3.827e-02 4.787e-02 4.718e-02 5.584e-02 6.242e-02 5.127e-02 5.424e-02 6.109e-02 8.296e-02 1.123e-01 1.127e-01 9.027e-02 2.518e-02
82 EP 18 2.694e-11 8.901e-11 5.046e-10 2.452e-04 5.614e-04 1.276e-03 1.303e-06 1.480e-09 2.170e-03 1.036e-03 2.572e-09 2.495e-03 4.887e-04 3.416e-09 2.845e-09 1.750e-09 9.380e-10 6.480e-09 4.739e-03 7.987e-02 1.967e-01 2.947e-01 2.317e-01 1.087e-01 1.222e-02 4.994e-03 7.917e-03 3.370e-02 1.653e-02 1.655e-09 1.041e-10
82 EP 19 1.555e-10 1.674e-10 2.580e-10 2.763e-10 2.981e-10 6.498e-10 1.617e-04 9.940e-10 6.334e-10 1.771e-09 4.964e-10 1.534e-09 1.312e-09 1.653e-09 5.550e-09 6.174e-03 4.834e-09 9.852e-09 4.382e-09 3.393e-09 5.592e-03 6.236e-03 3.532e-09 2.416e-08 2.121e-09 2.312e-09 4.227e-09 5.142e-02 2.501e-01 4.512e-01 2.291e-01
82 EP 20 3.718e-11 9.534e-11 1.287e-09 1.768e-10 6.543e-10 1.014e-03 5.408e-05 1.933e-03 7.281e-03 1.573e-02 2.563e-02 4.529e-02 6.923e-02 7.985e-02 8.219e-02 4.589e-02 1.112e-02 2.296e-09 2.394e-09 1.825e-09 3.753e-09 1.113e-08 2.096e-02 4.251e-02 8.265e-02 1.200e-01 1.242e-01 1.170e-01 7.828e-02 2.918e-02 4.296e-10
82 EP 21 4.868e-11 7.555e-11 1.195e-10 3.890e-10 5.035e-10 7.829e-10 7.290e-09 1.226e-09 7.986e-04 9.557e-10 6.705e-10 8.509e-10 7.031e-10 1.106e-09 3.541e-09 4.228e-05 2.455e-09 4.398e-02 2.253e-01 2.890e-01 1.794e-01 4.162e-02 9.283e-03 9.282e-03 2.399e-02 4.121e-02 5.153e-02 3.878e-02 3.317e-02 1.256e-02 1.521e-10
82 EP 22 3.176e-11 1.308e-10 5.107e-10 3.956e-10 8.736e-10 1.140e-09 1.641e-09 2.267e-09 3.027e-09 8.724e-06 3.166e-03 1.205e-02 1.218e-05 2.898e-09 5.769e-09 4.331e-02 8.410e-02 1.042e-01 1.253e-01 1.260e-01 1.224e-01 1.142e-01 1.048e-01 7.679e-02 4.975e-02 2.685e-02 7.035e-03 8.547e-06 7.158e-10 2.312e-10 2.509e-10
82 TP 1 1.489e-01 9.199e-02 3.607e-04 9.289e-04 5.026e-02 1.635e-02 3.130e-10 2.193e-01 5.616e-10 8.262e-03 9.950e-10 1.959e-02 2.533e-02 8.312e-07 1.765e-01 9.288e-02 6.387e-10 4.849e-02 1.537e-04 2.959e-02 1.668e-02 5.437e-02
82 TP 2 6.848e-02 3.382e-01 3.009e-09 1.062e-09 8.618e-02 1.346e-01 7.090e-03 2.091e-01 1.077e-09 7.048e-10 7.661e-03 1.102e-01 1.014e-09 5.625e-05 2.210e-02 3.769e-07 4.751e-10 1.101e-09 2.326e-10 3.213e-09 1.365e-09 1.641e-02
82 TP 3 7.750e-03 2.830e-02 3.621e-01 2.685e-04 1.433e-01 7.128e-03 1.932e-09 3.366e-09 3.331e-10 2.365e-02 2.698e-04 2.479e-08 8.690e-02 2.323e-08 6.197e-07 3.109e-02 2.142e-09 4.358e-02 3.407e-02 7.919e-02 1.291e-01 2.323e-02
82 TP 4 3.018e-02 8.253e-05 1.190e-09 9.656e-02 1.188e-09 2.723e-01 1.840e-01 2.153e-05 2.421e-03 1.295e-10 1.823e-01 3.179e-05 2.826e-10 2.321e-01 1.495e-09 4.886e-10 1.139e-10 7.087e-10 4.679e-06 3.615e-10 6.802e-10 4.029e-10
82 TP 5 5.375e-03 1.349e-01 1.462e-01 1.088e-09 3.370e-01 3.838e-02 1.289e-03 2.062e-08 7.901e-10 2.333e-03 9.385e-04 9.270e-03 1.709e-02 2.677e-09 1.243e-01 7.075e-02 6.164e-10 3.244e-02 5.997e-03 2.520e-02 4.847e-02 1.344e-05
82 TP 6 1.842e-03 5.044e-02 4.075e-10 3.447e-01 1.296e-06 4.740e-09 2.546e-09 2.346e-02 3.018e-03 8.578e-11 1.968e-01 2.472e-01 2.335e-10 1.181e-09 1.322e-01 3.243e-08 7.098e-11 3.167e-04 4.806e-11 2.431e-10 4.756e-10 5.448e-07
82 TP 7 8.059e-03 2.203e-06 1.216e-10 7.418e-02 4.620e-07 7.760e-02 4.320e-01 7.949e-04 7.938e-02 2.886e-11 2.859e-01 5.073e-03 6.097e-05 2.970e-02 6.842e-03 2.290e-09 3.932e-11 5.638e-05 1.259e-11 1.570e-10 1.527e-10 3.283e-04
82 TP 8 5.091e-03 9.176e-09 6.967e-02 1.876e-09 5.298e-02 2.355e-07 1.102e-09 1.339e-01 7.422e-07 3.424e-02 1.000e-09 4.371e-09 1.087e-01 3.096e-03 3.310e-02 2.294e-01 9.106e-10 1.241e-01 7.499e-03 5.637e-02 1.022e-01 3.964e-02
82 TP 9 2.980e-03 1.433e-09 3.398e-10 1.923e-02 4.506e-09 2.142e-02 3.869e-01 7.541e-09 4.913e-01 6.954e-11 5.855e-02 1.064e-02 1.582e-10 3.996e-09 7.829e-03 6.085e-04 1.500e-10 3.470e-04 5.522e-11 1.439e-04 5.721e-10 7.656e-10
82 TP 10 1.190e-09 1.417e-09 2.782e-02 4.636e-09 2.466e-02 9.893e-06 2.280e-04 1.677e-09 9.725e-10 5.112e-01 9.118e-04 1.445e-09 1.978e-01 1.201e-09 2.858e-03 5.684e-02 2.139e-09 8.470e-02 1.306e-02 6.027e-02 1.971e-02 1.455e-08
82 TP 11 3.813e-02 4.245e-05 2.233e-10 7.801e-02 1.804e-04 1.911e-01 2.535e-01 5.976e-03 1.777e-02 9.149e-05 2.722e-01 3.730e-09 5.737e-04 1.400e-01 9.469e-07 4.849e-04 4.537e-11 1.025e-03 1.247e-10 1.187e-04 7.240e-04 2.045e-05
82 TP 12 2.354e-01 7.408e-02 3.690e-09 7.777e-02 2.068e-09 2.260e-01 4.930e-02 7.190e-05 1.382e-03 2.484e-10 7.360e-02 2.624e-01 2.631e-10 1.024e-05 6.106e-05 1.005e-09 1.881e-10 1.743e-09 9.355e-11 5.272e-10 1.008e-09 4.659e-09
82 TP 13 2.974e-06 1.427e-09 3.145e-02 3.881e-03 1.934e-02 2.917e-07 1.142e-03 1.629e-09 2.640e-04 9.903e-02 2.479e-03 2.186e-09 3.914e-01 1.451e-09 6.526e-02 1.316e-01 1.464e-09 1.565e-01 2.067e-02 3.306e-02 3.139e-02 1.251e-02
82 TP 14 4.538e-01 1.226e-06 5.853e-03 2.788e-08 2.447e-02 9.144e-02 6.215e-10 3.856e-02 1.501e-09 1.204e-03 1.929e-09 7.923e-02 1.099e-02 1.542e-01 6.158e-02 2.704e-02 4.861e-10 2.403e-02 2.531e-07 1.396e-03 9.864e-03 1.635e-02
82 TP 15 1.967e-06 2.217e-08 2.876e-09 1.349e-01 1.664e-08 7.683e-06 2.742e-02 1.407e-09 9.953e-04 1.018e-10 9.534e-02 2.324e-01 3.057e-10 7.106e-03 3.719e-01 8.413e-08 2.015e-10 6.139e-10 6.227e-11 5.092e-10 5.831e-10 1.299e-01
82 TP 16 2.482e-07 7.687e-02 2.347e-09 1.659e-08 4.940e-02 5.658e-02 5.457e-03 6.248e-10 4.024e-10 3.129e-10 1.506e-02 1.697e-02 2.209e-09 9.342e-10 2.291e-01 4.000e-01 7.247e-10 7.888e-02 2.800e-10 1.902e-05 4.047e-02 3.122e-02
82 TP 17 2.178e-01 3.600e-02 9.308e-02 3.500e-09 8.598e-02 3.746e-07 1.750e-09 2.379e-01 5.918e-10 5.117e-03 6.076e-05 5.001e-03 1.232e-08 4.599e-09 1.027e-01 1.910e-08 3.556e-09 5.885e-02 1.745e-09 1.041e-08 1.118e-01 4.564e-02
82 TP 18 3.042e-03 3.462e-06 1.903e-02 3.847e-03 4.142e-02 7.735e-03 2.460e-03 2.148e-09 1.520e-04 2.626e-02 7.205e-03 4.168e-03 1.710e-01 4.149e-09 1.153e-01 1.852e-01 2.119e-09 3.185e-01 2.064e-02 3.622e-02 1.475e-02 2.310e-02
82 TP 19 6.113e-06 7.766e-06 7.876e-09 7.706e-10 3.448e-08 6.992e-10 2.822e-10 3.202e-09 2.197e-10 3.377e-02 5.090e-09 1.146e-02 7.152e-02 1.272e-03 6.482e-09 2.829e-09 5.514e-01 1.245e-05 2.641e-01 6.650e-02 3.562e-08 5.475e-09
82 TP 20 3.620e-02 1.117e-01 2.421e-07 9.300e-03 3.410e-02 2.993e-08 8.964e-10 3.314e-09 2.100e-04 3.392e-04 3.820e-03 7.794e-02 1.645e-07 2.191e-02 5.698e-02 1.673e-08 1.608e-02 1.886e-02 2.009e-02 3.623e-01 5.470e-09 2.301e-01
82 TP 21 3.781e-08 5.387e-09 5.501e-02 7.211e-03 9.102e-02 2.159e-09 9.538e-10 1.875e-09 1.617e-05 3.962e-02 2.318e-07 4.185e-06 1.087e-01 3.131e-09 7.384e-08 8.031e-02 3.851e-09 1.728e-01 4.568e-02 5.245e-02 3.473e-01 5.998e-08
82 TP 22 9.646e-02 1.700e-01 7.492e-08 5.895e-02 2.748e-02 1.446e-04 5.503e-07 6.369e-09 6.269e-04 4.500e-06 1.441e-02 2.006e-01 7.783e-03 1.045e-02 6.788e-02 3.427e-09 3.851e-09 2.056e-07 1.682e-02 1.952e-01 3.318e-09 1.332e-01
83 IP 1 1.709e-08
83 IP 2 6.342e-09
83 IP 3 9.892e-08
83 IP 4 5.413e-08
83 IP 5 3.631e-01
83 IP 6 6.435e-09
83 IP 7 1.406e-02
83 IP 8 1.026e-08
83 IP 9 6.807e-08
83 IP 10 7.249e-09
83 IP 11 6.167e-02
83 IP 12 6.677e-09
83 IP 13 8.234e-09
83 IP 14 6.332e-03
83 IP 15 7.386e-09
83 IP 16 6.771e-09
83 IP 17 6.476e-09
83 IP 18 8.634e-09
83 IP 19 6.299e-09
83 IP 20 7.014e-09
83 IP 21 5.548e-01
83 IP 22 2.953e-08
83 EP 1 1.952e-11 2.018e-10 1.275e-09 4.783e-02 1.437e-01 2.429e-01 2.552e-01 1.607e-01 7.423e-02 2.061e-02 1.627e-02 1.401e-02 6.063e-03 7.301e-03 1.777e-03 3.060e-03 1.273e-03 1.116e-03 1.046e-03 6.292e-04 6.110e-04 5.551e-04 6.701e-04 1.612e-04 1.373e-04 2.248e-09 1.066e-10 2.359e-05 3.555e-11 2.498e-11 2.634e-11
83 EP 2 3.451e-11 6.819e-11 5.099e-11 4.019e-05 2.551e-04 1.926e-09 4.232e-10 2.772e-10 3.749e-10 2.499e-10 5.974e-04 5.453e-10 7.504e-04 1.966e-03 4.156e-03 5.851e-03 1.673e-03 3.066e-03 7.536e-09 5.059e-04 1.200e-03 1.647e-03 2.182e-09 1.780e-09 2.977e-02 1.187e-01 2.305e-01 2.767e-01 2.343e-01 8.822e-02 1.902e-09
83 EP 3 7.229e-12 6.269e-05 2.699e-03 9.706e-03 1.365e-02 1.634e-02 1.928e-02 2.395e-02 3.587e-02 4.590e-02 5.921e-02 6.935e-02 7.992e-02 1.093e-01 1.251e-01 1.253e-01 9.857e-02 7.528e-02 4.726e-02 2.881e-02 1.353e-02 8.175e-04 4.487e-09 5.065e-10 2.047e-10 1.744e-10 1.188e-10 1.414e-10 8.721e-11 2.674e-11 3.572e-11
83 EP 4 1.863e-11 1.095e-03 7.642e-03 7.562e-03 1.513e-02 3.151e-02 8.740e-02 1.666e-01 2.019e-01 1.649e-01 1.024e-01 6.811e-02 5.034e-02 3.319e-02 2.410e-02 1.597e-02 9.958e-03 4.157e-03 2.799e-03 2.331e-03 3.878e-04 1.993e-03 2.644e-04 2.579e-04 5.074e-10 2.543e-10 1.375e-10 3.284e-10 2.938e-10 5.660e-11 4.965e-11
83 EP 5 7.579e-12 1.880e-02 5.876e-02 1.209e-01 1.901e-01 2.233e-01 1.941e-01 1.156e-01 5.052e-02 1.669e-02 6.453e-03 2.654e-03 1.855e-03 1.958e-04 9.181e-10 1.478e-10 2.418e-10 1.233e-10 1.527e-10 5.137e-10 6.496e-05 2.703e-11 5.173e-11 3.126e-11 4.006e-11 2.725e-05 1.522e-11 2.121e-11 1.725e-11 9.866e-12 8.951e-12
83 EP 6 2.710e-11 3.787e-10 2.983e-10 4.806e-10 3.621e-10 5.258e-10 7.366e-10 2.931e-09 3.201e-09 5.385e-04 2.192e-03 3.607e-07 2.928e-09 3.576e-09 3.411e-09 7.334e-04 4.005e-02 7.494e-02 1.069e-01 1.200e-01 1.446e-01 1.440e-01 1.148e-01 9.542e-02 7.141e-02 4.723e-02 3.009e-02 7.120e-03 7.007e-10 1.716e-10 2.246e-10
83 EP 7 8.192e-12 1.049e-10 1.021e-02 6.696e-03 2.353e-03 3.116e-02 9.117e-02 1.801e-01 2.194e-01 2.072e-01 1.323e-01 6.370e-02 2.614e-02 1.492e-02 1.276e-02 1.941e-03 8.871e-09 8.375e-10 3.693e-10 3.448e-06 9.876e-10 1.387e-10 8.494e-11 8.520e-11 1.006e-10 2.227e-10 3.771e-11 9.562e-11 6.338e-11 1.687e-11 1.654e-11
83 EP 8 7.163e-11 1.732e-10 2.909e-10 1.374e-09 6.959e-10 1.536e-04 7.779e-03 1.814e-02 3.883e-02 7.667e-02 9.835e-02 1.577e-01 1.515e-01 6.882e-02 2.624e-02 7.833e-03 2.084e-02 1.295e-02 9.123e-04 4.521e-03 5.673e-03 1.159e-02 1.510e-02 4.923e-02 4.966e-02 4.991e-02 4.403e-02 4.612e-02 2.702e-02 1.033e-02 1.280e-05
83 EP 9 1.128e-11 1.054e-01 2.528e-01 3.109e-01 2.222e-01 9.055e-02 1.796e-02 3.244e-09 5.937e-10 6.953e-09 4.522e-09 4.012e-10 2.951e-10 4.022e-10 8.987e-05 1.487e-10 5.106e-05 2.588e-10 6.077e-05 9.158e-05 1.386e-10 2.085e-11 1.497e-05 3.266e-11 2.316e-11 3.581e-10 1.527e-11 1.765e-11 1.326e-11 1.222e-11 1.154e-11
83 EP 10 4.081e-11 6.461e-11 3.282e-10 7.182e-04 1.982e-03 2.072e-09 1.671e-09 1.329e-09 3.627e-09 1.573e-09 1.062e-07 8.731e-03 9.991e-03 2.395e-02 2.881e-02 1.101e-01 2.481e-01 2.410e-01 1.004e-01 1.140e-02 9.692e-03 3.287e-02 2.552e-02 2.047e-02 2.505e-02 3.114e-02 2.193e-02 2.926e-02 1.157e-02 7.288e-03 3.442e-09
83 EP 11 1.381e-11 9.680e-11 1.736e-03 1.370e-02 1.925e-02 1.550e-02 1.180e-02 1.067e-02 3.639e-02 9.196e-02 1.732e-01 2.282e-01 2.102e-01 1.203e-01 4.510e-02 1.424e-02 7.088e-03 5.243e-04 1.088e-09 6.417e-05 1.552e-09 9.025e-10 4.465e-10 4.066e-10 2.251e-10 1.887e-10 1.277e-10 1.849e-10 2.089e-10 5.843e-11 8.347e-06
83 EP 12 2.901e-11 1.116e-10 5.477e-11 2.772e-04 6.102e-10 1.538e-03 1.212e-03 1.279e-03 1.163e-04 9.503e-10 1.944e-09 1.038e-09 1.570e-06 5.993e-03 5.484e-03 1.143e-02 1.314e-02 1.919e-02 1.690e-02 9.855e-04 1.375e-09 4.068e-08 9.941e-02 2.099e-01 2.685e-01 2.036e-01 9.691e-02 2.227e-02 7.285e-03 1.456e-02 1.207e-09
83 EP 13 3.572e-11 1.069e-09 7.192e-10 5.397e-04 1.821e-09 1.948e-09 7.401e-10 9.012e-06 5.740e-02 1.949e-01 3.083e-01 2.063e-01 6.630e-02 6.338e-09 6.375e-09 3.447e-02 5.726e-02 2.428e-02 2.400e-02 1.321e-02 9.355e-03 2.340e-04 2.728e-03 7.806e-06 5.979e-04 5.313e-09 1.023e-09 2.356e-09 5.345e-10 6.588e-10 5.906e-05
83 EP 14 3.802e-11 8.504e-11 1.825e-10 1.019e-05 1.883e-09 6.982e-10 3.190e-10 1.601e-03 2.124e-09 3.007e-09 3.700e-03 9.463e-10 8.362e-03 4.527e-09 3.066e-09 7.790e-04 1.466e-01 2.795e-01 2.481e-01 1.884e-01 8.961e-02 7.968e-03 5.253e-09 2.560e-05 1.079e-02 1.448e-02 1.463e-04 2.598e-09 5.418e-10 3.449e-10 1.510e-10
83 EP 15 3.683e-11 7.201e-11 2.386e-10 2.456e-04 5.377e-04 7.813e-10 7.295e-10 1.111e-04 3.051e-03 4.503e-03 2.642e-03 2.148e-09 1.032e-08 6.228e-02 2.184e-01 3.504e-01 1.922e-01 2.050e-02 5.479e-09 2.715e-06 2.410e-02 2.853e-02 2.428e-02 2.691e-02 1.712e-02 7.683e-03 1.315e-02 3.303e-03 7.961e-10 3.939e-10 3.489e-10
83 EP 16 4.770e-11 8.162e-11 1.652e-10 1.059e-09 4.715e-10 3.976e-10 2.006e-09 6.150e-04 1.444e-03 5.216e-03 2.861e-03 1.008e-02 7.998e-02 1.641e-01 2.108e-01 1.586e-01 5.195e-02 9.617e-03 2.675e-02 3.103e-02 1.581e-02 1.037e-02 2.459e-02 2.056e-02 2.147e-02 3.294e-02 3.539e-02 3.972e-02 3.461e-02 1.145e-02 6.177e-10
83 EP 17 2.418e-11 1.184e-10 6.673e-11 5.341e-10 1.774e-03 6.742e-04 1.911e-09 1.709e-03 1.177e-03 8.100e-10 8.137e-04 3.205e-04 2.026e-03 8.415e-09 1.816e-09 1.230e-04 1.484e-02 3.624e-03 5.830e-09 6.986e-02 1.989e-01 3.184e-01 2.396e-01 1.172e-01 2.094e-02 4.629e-09 8.047e-09 7.939e-03 9.281e-08 8.443e-10 2.535e-10
83 EP 18 3.699e-11 3.596e-10 1.357e-10 2.430e-03 2.904e-03 2.298e-03 3.674e-03 6.003e-05 3.760e-09 2.336e-09 4.117e-07 2.029e-09 2.713e-09 2.468e-08 8.462e-03 1.580e-02 1.054e-02 7.996e-02 2.318e-01 2.630e-01 1.439e-01 7.677e-03 6.396e-09 1.829e-02 4.363e-02 4.226e-02 4.327e-02 3.641e-02 3.316e-02 1.053e-02 3.720e-10
83 EP 19 1.570e-10 1.755e-10 1.967e-10 8.326e-10 4.473e-10 4.311e-10 5.005e-10 3.919e-10 1.061e-09 5.620e-10 2.308e-09 1.128e-09 2.926e-09 2.519e-09 5.285e-09 4.679e-09 3.519e-03 2.186e-03 6.576e-03 2.377e-06 4.643e-09 5.472e-09 3.570e-09 3.725e-09 4.116e-09 3.218e-09 2.261e-09 1.246e-08 1.434e-01 4.990e-01 3.453e-01
83 EP 20 4.240e-10 4.290e-10 4.602e-10 5.836e-10 8.617e-10 1.014e-09 8.081e-10 9.020e-05 1.250e-09 2.342e-09 3.928e-03 7.502e-09 4.534e-09 1.208e-02 1.129e-02 1.710e-02 2.162e-02 4.798e-02 4.408e-02 4.025e-02 4.309e-02 4.237e-02 6.060e-02 5.799e-02 6.372e-02 6.947e-02 7.249e-02 1.093e-01 1.297e-01 1.144e-01 3.850e-02
83 EP 21 4.282e-11 5.626e-01 3.389e-01 9.434e-02 1.353e-09 7.010e-10 2.973e-06 2.508e-03 1.359e-03 4.122e-10 4.098e-10 8.967e-05 6.077e-10 9.668e-05 1.121e-04 1.898e-10 3.509e-10 1.278e-10 1.473e-09 5.518e-10 1.069e-10 5.303e-11 7.698e-10 5.499e-11 4.862e-11 9.694e-11 4.683e-11 4.641e-11 4.559e-11 4.467e-11 4.330e-11
83 EP 22 2.526e-11 1.676e-10 6.108e-10 1.809e-09 2.783e-09 8.918e-10 5.329e-10 3.947e-09 1.748e-09 1.617e-09 1.000e-03 1.360e-01 2.612e-01 2.886e-01 1.792e-01 4.529e-02 5.509e-07 2.739e-02 2.210e-02 2.292e-02 9.073e-03 3.974e-03 5.869e-04 2.344e-03 2.795e-04 7.694e-10 1.186e-09 2.484e-09 3.002e-10 1.094e-10 1.180e-08
83 TP 1 1.663e-01 8.349e-10 1.426e-08 5.942e-01 1.368e-01 1.362e-07 4.342e-02 2.464e-03 4.023e-09 1.768e-05 1.462e-06 1.665e-03 6.796e-07 1.363e-02 9.339e-03 7.269e-10 2.996e-03 1.370e-09 3.860e-11 1.900e-10 9.417e-10 2.909e-02
83 TP 2 1.224e-08 3.741e-01 4.910e-02 2.541e-09 1.189e-03 5.717e-02 2.534e-03 5.287e-02 4.085e-04 4.430e-02 3.537e-04 1.717e-01 1.709e-09 2.014e-09 1.283e-09 3.833e-02 1.081e-01 4.567e-02 5.416e-02 2.033e-09 6.850e-10 8.961e-10
83 TP 3 1.249e-02 1.145e-10 4.001e-01 1.196e-09 8.635e-02 1.356e-01 1.626e-01 5.055e-10 2.583e-03 9.760e-03 1.327e-01 3.488e-10 5.624e-10 1.970e-02 1.827e-02 1.069e-02 7.639e-03 1.058e-09 5.838e-11 1.122e-10 1.485e-03 8.142e-10
83 TP 4 4.334e-09 4.924e-03 2.246e-01 8.156e-02 2.087e-09 4.318e-02 1.236e-01 1.137e-05 4.746e-10 5.087e-03 1.093e-01 9.866e-03 1.854e-01 3.044e-02 3.345e-02 2.141e-03 2.255e-02 3.704e-04 1.221e-04 5.882e-04 2.796e-10 1.229e-01
83 TP 5 1.258e-01 4.539e-11 3.267e-02 1.417e-09 4.163e-01 2.613e-10 1.659e-01 1.820e-04 2.119e-01 2.142e-10 1.927e-02 2.149e-10 1.122e-09 1.500e-09 9.593e-05 1.352e-10 4.152e-04 1.531e-10 1.146e-11 3.537e-11 2.745e-02 6.366e-09
83 TP 6 1.213e-02 2.950e-02 1.553e-01 4.252e-09 2.440e-02 1.525e-01 1.152e-01 1.807e-01 5.922e-09 3.679e-02 1.276e-01 2.198e-09 6.424e-05 2.707e-09 7.726e-03 8.229e-02 2.632e-08 2.212e-02 1.460e-02 6.138e-09 3.913e-04 3.870e-02
83 TP 7 4.726e-02 8.305e-11 4.137e-02 1.058e-01 2.668e-01 8.388e-10 3.376e-01 3.365e-09 4.579e-02 4.627e-10 5.256e-02 2.554e-10 8.295e-02 3.499e-04 1.194e-08 2.212e-05 3.994e-10 2.359e-10 7.537e-11 1.112e-10 4.329e-03 1.518e-02
83 TP 8 1.091e-03 2.328e-02 1.840e-08 1.807e-02 4.883e-04 1.505e-01 1.935e-01 3.546e-01 6.564e-09 4.486e-09 4.969e-07 3.160e-02 1.137e-01 1.769e-02 5.410e-09 4.321e-06 4.958e-02 5.400e-03 3.946e-03 1.640e-09 1.270e-03 3.534e-02
83 TP 9 1.716e-01 8.885e-05 6.438e-03 4.200e-02 1.614e-01 7.299e-10 2.437e-02 6.258e-04 4.962e-01 6.279e-06 5.188e-03 4.565e-09 5.794e-03 6.538e-04 6.286e-04 8.987e-11 6.128e-04 3.909e-10 1.333e-11 5.379e-11 7.934e-02 5.045e-03
83 TP 10 8.702e-03 3.455e-09 1.886e-01 3.765e-09 3.314e-03 5.388e-09 2.385e-02 1.426e-09 5.227e-03 4.364e-01 4.879e-02 3.834e-09 1.489e-09 1.528e-01 2.584e-02 9.636e-02 3.633e-09 5.116e-09 1.006e-02 9.787e-10 2.314e-09 2.722e-09
83 TP 11 3.153e-02 1.917e-10 1.126e-01 1.693e-05 1.000e-01 1.121e-04 2.023e-01 1.151e-09 2.558e-02 2.028e-09 3.343e-01 3.026e-10 2.452e-02 2.110e-07 1.900e-02 5.578e-08 9.927e-10 5.772e-10 2.329e-10 1.642e-10 1.445e-03 1.486e-01
83 TP 12 2.195e-06 1.263e-01 1.505e-01 9.907e-10 8.456e-03 5.773e-02 8.062e-03 5.098e-03 1.651e-07 2.794e-02 9.457e-03 3.566e-01 1.142e-09 2.517e-09 8.494e-10 2.245e-02 1.355e-01 6.363e-02 2.821e-02 8.179e-10 5.021e-06 1.478e-09
83 TP 13 1.573e-03 2.092e-02 1.873e-01 6.329e-03 1.722e-09 5.457e-02 7.242e-03 4.271e-05 9.437e-10 1.510e-02 7.478e-02 3.609e-02 1.362e-01 9.014e-02 6.321e-02 7.221e-03 5.877e-02 1.129e-08 2.432e-04 6.447e-10 2.131e-04 2.401e-01
83 TP 14 1.046e-09 1.210e-01 1.406e-01 1.998e-09 1.533e-09 7.516e-09 1.988e-09 1.296e-03 1.202e-08 1.276e-07 1.989e-08 1.258e-01 2.808e-08 1.450e-01 2.409e-02 3.128e-04 2.105e-01 2.121e-01 8.697e-03 1.902e-09 3.548e-09 1.062e-02
83 TP 15 1.195e-05 8.002e-02 1.529e-01 3.210e-03 2.027e-08 1.192e-04 1.364e-07 1.660e-03 1.659e-07 6.682e-02 6.540e-09 8.641e-02 1.869e-07 2.182e-01 2.512e-01 1.394e-03 9.997e-02 2.958e-02 2.857e-03 3.935e-09 1.066e-03 4.695e-03
83 TP 16 1.596e-02 3.388e-08 6.021e-09 9.790e-03 6.431e-09 9.349e-05 5.271e-04 8.093e-09 9.399e-09 2.353e-08 2.547e-01 2.550e-09 3.838e-09 6.993e-09 1.478e-01 4.687e-01 2.165e-09 9.515e-09 2.578e-03 1.632e-09 8.461e-10 9.990e-02
83 TP 17 2.877e-05 7.329e-02 2.094e-01 7.508e-10 1.464e-02 7.559e-03 2.287e-02 2.101e-09 2.590e-03 5.269e-02 1.314e-02 1.483e-01 1.068e-09 2.573e-09 1.477e-09 8.307e-03 2.865e-01 1.402e-01 2.028e-02 4.592e-10 1.801e-04 2.529e-09
83 TP 18 2.893e-03 2.033e-02 2.394e-01 2.691e-09 7.640e-03 7.455e-09 2.958e-02 1.389e-09 4.491e-03 1.047e-01 4.136e-07 2.409e-02 2.212e-09 5.760e-04 2.726e-09 1.247e-02 1.935e-01 3.455e-01 1.478e-02 7.097e-10 5.330e-09 1.372e-09
83 TP 19 7.102e-10 2.147e-01 5.438e-07 1.076e-07 1.467e-03 4.741e-09 1.020e-08 5.441e-02 7.169e-10 3.390e-03 9.409e-04 8.494e-02 3.133e-09 1.986e-09 4.301e-09 3.963e-02 3.914e-02 3.874e-09 1.962e-01 3.652e-01 1.870e-10 3.578e-09
83 TP 20 3.229e-09 9.226e-07 3.079e-02 4.516e-09 1.278e-03 7.717e-08 1.818e-02 7.854e-08 6.328e-04 8.859e-02 3.400e-02 2.868e-08 9.946e-02 2.240e-01 1.499e-01 3.373e-06 1.001e-01 4.216e-02 2.489e-09 4.828e-09 1.701e-09 2.109e-01
83 TP 21 2.686e-04 1.408e-10 3.598e-03 3.717e-09 7.538e-02 7.382e-10 3.899e-02 4.766e-10 3.685e-01 6.604e-10 9.796e-03 1.804e-10 9.261e-09 4.070e-10 5.962e-04 2.008e-10 3.416e-04 2.186e-10 4.763e-11 8.526e-11 5.025e-01 9.190e-10
83 TP 22 2.050e-09 3.065e-02 1.898e-01 3.751e-02 1.544e-09 6.563e-02 4.754e-09 2.386e-09 5.790e-10 2.788e-02 7.380e-04 5.443e-02 1.044e-08 1.098e-01 1.844e-01 2.728e-02 7.232e-02 2.486e-02 3.204e-03 1.533e-09 3.099e-10 1.716e-01
84 IP 1 1.252e-07
84 IP 2 9.623e-08
84 IP 3 8.699e-09
84 IP 4 1.267e-08
84 IP 5 8.884e-09
84 IP 6 2.906e-01
84 IP 7 8.976e-09
84 IP 8 8.696e-09
84 IP 9 2.686e-08
84 IP 10 9.031e-09
84 IP 11 6.752e-02
84 IP 12 8.707e-09
84 IP 13 8.799e-09
84 IP 14 3.026e-08
84 IP 15 5.805e-08
84 IP 16 1.010e-01
84 IP 17 8.744e-09
84 IP 18 4.988e-01
84 IP 19 4.205e-02
84 IP 20 2.984e-08
84 IP 21 1.162e-08
84 IP 22 8.741e-09
84 IP 23 9.224e-09
84 IP 24 8.745e-09
84 EP 1 1.204e-11 1.360e-10 3.127e-07 1.803e-06 6.681e-10 2.443e-09 5.650e-02 1.388e-01 2.179e-01 2.135e-01 1.532e-01 8.018e-02 5.518e-02 3.528e-02 2.535e-02 1.370e-02 5.009e-03 2.579e-03 8.241e-04 4.331e-04 1.995e-07 1.286e-03 4.366e-05 2.172e-10 2.355e-04 1.563e-10 7.108e-11 7.662e-11 5.364e-11 2.047e-11 5.017e-11
84 EP 2 2.199e-11 8.465e-10 2.726e-03 6.161e-04 4.721e-08 1.724e-03 6.011e-10 5.916e-09 6.657e-02 1.806e-01 2.349e-01 1.575e-01 5.945e-02 3.015e-02 5.303e-02 6.143e-02 4.588e-02 3.087e-02 2.650e-02 2.247e-02 1.259e-02 8.098e-03 2.605e-03 1.831e-03 3.859e-04 7.252e-10 7.581e-10 1.963e-10 1.517e-10 8.809e-11 2.661e-05
84 EP 3 3.145e-11 4.114e-11 5.992e-11 2.511e-10 5.032e-10 5.912e-10 7.231e-09 5.818e-04 3.669e-09 4.244e-04 1.031e-07 1.567e-09 7.778e-10 1.223e-04 6.155e-03 3.123e-03 1.616e-03 3.144e-03 5.447e-03 1.600e-02 8.039e-03 7.550e-09 2.999e-09 4.059e-02 1.571e-01 2.874e-01 2.700e-01 1.400e-01 3.334e-02 2.693e-02 3.366e-09
84 EP 4 6.156e-11 1.522e-10 9.988e-10 3.593e-10 3.456e-10 7.545e-04 1.139e-03 7.189e-03 1.321e-02 2.246e-02 4.164e-02 9.458e-02 1.446e-01 1.085e-01 5.379e-02 2.433e-02 1.256e-02 1.532e-04 2.127e-09 2.809e-04 2.614e-04 5.877e-05 1.173e-02 5.332e-02 5.745e-02 7.940e-02 8.552e-02 8.810e-02 7.154e-02 2.610e-02 1.281e-03
84 EP 5 2.951e-11 6.321e-11 2.183e-10 2.255e-03 3.086e-03 6.522e-04 2.278e-03 2.139e-03 9.680e-04 8.748e-04 1.871e-03 1.353e-09 4.566e-03 8.208e-04 2.370e-03 1.873e-03 1.277e-02 2.997e-03 1.897e-02 1.167e-01 2.327e-01 2.399e-01 1.353e-01 3.765e-02 1.878e-03 2.725e-02 4.221e-02 4.663e-02 3.915e-02 2.206e-02 6.169e-10
84 EP 6 1.453e-11 1.016e-02 5.527e-02 9.610e-02 1.334e-01 1.774e-01 1.727e-01 1.535e-01 9.132e-02 5.702e-02 2.992e-02 2.301e-02 2.492e-08 1.476e-04 1.060e-09 6.090e-10 3.988e-10 2.882e-10 2.004e-10 3.330e-10 1.694e-10 1.685e-10 1.998e-10 1.396e-10 8.928e-11 6.532e-11 5.763e-11 4.663e-11 5.148e-11 2.094e-11 7.441e-11
84 EP 7 2.484e-11 1.310e-10 5.991e-10 4.036e-10 5.043e-10 1.883e-09 8.539e-10 4.737e-03 6.274e-03 3.580e-04 9.149e-03 4.122e-03 2.520e-09 1.617e-09 3.273e-09 1.881e-03 2.268e-02 8.374e-02 1.118e-01 1.299e-01 1.388e-01 1.443e-01 1.231e-01 8.632e-02 6.318e-02 3.694e-02 2.328e-02 9.459e-03 9.748e-08 1.489e-10 1.050e-10
84 EP 8 2.306e-10 2.489e-10 2.852e-10 3.722e-10 3.768e-10 4.547e-10 6.668e-10 8.278e-10 9.474e-10 1.408e-08 2.611e-07 2.365e-09 1.490e-09 2.314e-09 3.509e-04 6.511e-09 1.753e-04 4.791e-09 1.064e-02 2.531e-09 1.702e-09 3.634e-09 1.848e-09 1.052e-08 3.429e-09 3.502e-09 3.499e-05 3.032e-02 1.908e-01 4.451e-01 3.226e-01
84 EP 9 2.137e-11 1.555e-10 2.223e-08 6.117e-06 7.088e-07 2.161e-02 1.177e-01 2.689e-01 2.776e-01 1.760e-01 6.549e-02 1.990e-02 2.281e-02 2.174e-02 6.539e-03 1.519e-09 1.056e-09 5.980e-10 7.874e-07 4.071e-10 3.811e-04 2.404e-09 1.108e-04 5.238e-04 2.154e-04 2.395e-04 1.353e-04 2.032e-10 6.326e-11 4.329e-11 1.122e-10
84 EP 10 2.344e-11 5.939e-11 1.218e-10 1.505e-03 2.120e-03 1.429e-03 7.899e-04 6.038e-10 4.337e-04 2.130e-09 5.799e-10 4.336e-09 1.126e-07 1.468e-02 3.013e-02 5.313e-02 8.079e-02 1.711e-01 2.239e-01 1.610e-01 7.575e-02 2.418e-02 2.009e-02 2.959e-02 3.548e-02 2.597e-02 2.294e-02 1.477e-02 1.020e-02 4.776e-10 1.422e-10
84 EP 11 1.664e-11 7.197e-11 4.647e-06 3.816e-03 1.084e-03 6.452e-05 3.517e-03 1.462e-02 5.869e-02 1.290e-01 2.099e-01 2.548e-01 1.998e-01 8.990e-02 2.860e-02 1.704e-03 4.249e-03 2.518e-09 2.926e-04 6.458e-10 4.695e-10 5.691e-10 5.883e-10 4.172e-10 3.047e-10 1.587e-10 2.169e-10 1.198e-10 9.785e-11 4.426e-11 9.952e-11
